2459945.500000000, A.D. 2023-Jan-01 00:00:00.0000, -1.680470297000834E+07, -7.485320691815540E+07,  3.212460261012069E+07
2459946.500000000, A.D. 2023-Jan-02 00:00:00.0000, -1.297422317737641E+07, -7.631455942076273E+07,  3.112212321812642E+07
2459947.500000000, A.D. 2023-Jan-03 00:00:00.0000, -9.123769032079525E+06, -7.764481473389125E+07,  3.006623772942486E+07
2459948.500000000, A.D. 2023-Jan-04 00:00:00.0000, -5.260138117608199E+06, -7.884355632187279E+07,  2.895948051669620E+07
2459949.500000000, A.D. 2023-Jan-05 00:00:00.0000, -1.389979105459434E+06, -7.991093091067122E+07,  2.780452290508657E+07
2459950.500000000, A.D. 2023-Jan-06 00:00:00.0000,  2.480261353153779E+06, -8.084762174496621E+07,  2.660414295261110E+07
2459951.500000000, A.D. 2023-Jan-07 00:00:00.0000,  6.344385193576829E+06, -8.165481507903996E+07,  2.536119545872915E+07
2459952.500000000, A.D. 2023-Jan-08 00:00:00.0000,  1.019648236059976E+07, -8.233416125234517E+07,  2.407858290730912E+07
2459953.500000000, A.D. 2023-Jan-09 00:00:00.0000,  1.403096279116934E+07, -8.288773175198230E+07,  2.275922794799291E+07
2459954.500000000, A.D. 2023-Jan-10 00:00:00.0000,  1.784258094194604E+07, -8.331797364573219E+07,  2.140604790245223E+07
2459955.500000000, A.D. 2023-Jan-11 00:00:00.0000,  2.162645309252223E+07, -8.362766269158654E+07,  2.002193165816698E+07
2459956.500000000, A.D. 2023-Jan-12 00:00:00.0000,  2.537806785639182E+07, -8.381985630621938E+07,  1.860971919013488E+07
2459957.500000000, A.D. 2023-Jan-13 00:00:00.0000,  2.909329048459230E+07, -8.389784741978092E+07,  1.717218383683059E+07
2459958.500000000, A.D. 2023-Jan-14 00:00:00.0000,  3.276836165143269E+07, -8.386512007153152E+07,  1.571201735550871E+07
2459959.500000000, A.D. 2023-Jan-15 00:00:00.0000,  3.639989147117041E+07, -8.372530742243566E+07,  1.423181769655201E+07
2459960.500000000, A.D. 2023-Jan-16 00:00:00.0000,  3.998484951442803E+07, -8.348215268701832E+07,  1.273407936833950E+07
2459961.500000000, A.D. 2023-Jan-17 00:00:00.0000,  4.352055158037019E+07, -8.313947332523112E+07,  1.122118621302953E+07
2459962.500000000, A.D. 2023-Jan-18 00:00:00.0000,  4.700464394248822E+07, -8.270112869101489E+07,  9.695406378660515E+06
2459963.500000000, A.D. 2023-Jan-19 00:00:00.0000,  5.043508572939327E+07, -8.217099121069790E+07,  8.158889252307162E+06
2459964.500000000, A.D. 2023-Jan-20 00:00:00.0000,  5.381013003379721E+07, -8.155292106247018E+07,  6.613664110524230E+06
2459965.500000000, A.D. 2023-Jan-21 00:00:00.0000,  5.712830426844933E+07, -8.085074424759287E+07,  5.061640244648777E+06
2459966.500000000, A.D. 2023-Jan-22 00:00:00.0000,  6.038839021174556E+07, -8.006823388334620E+07,  3.504608327436946E+06
2459967.500000000, A.D. 2023-Jan-23 00:00:00.0000,  6.358940411152692E+07, -7.920909450491573E+07,  1.944242801887281E+06
2459968.500000000, A.D. 2023-Jan-24 00:00:00.0000,  6.673057714575499E+07, -7.827694913601515E+07,  3.821050911057368E+05
2459969.500000000, A.D. 2023-Jan-25 00:00:00.0000,  6.981133647494720E+07, -7.727532887348279E+07, -1.180352551844347E+06
2459970.500000000, A.D. 2023-Jan-26 00:00:00.0000,  7.283128706441723E+07, -7.620766472686227E+07, -2.741782714232210E+06
2459971.500000000, A.D. 2023-Jan-27 00:00:00.0000,  7.579019440487367E+07, -7.507728145776862E+07, -4.300938153393071E+06
2459972.500000000, A.D. 2023-Jan-28 00:00:00.0000,  7.868796821773724E+07, -7.388739317359091E+07, -5.856666905194074E+06
2459973.500000000, A.D. 2023-Jan-29 00:00:00.0000,  8.152464719629748E+07, -7.264110044402054E+07, -7.407907271793380E+06
2459974.500000000, A.D. 2023-Jan-30 00:00:00.0000,  8.430038480500706E+07, -7.134138872555622E+07, -8.953682772106379E+06
2459975.500000000, A.D. 2023-Jan-31 00:00:00.0000,  8.701543613614748E+07, -6.999112789733210E+07, -1.049309712298436E+07
2459976.500000000, A.D. 2023-Feb-01 00:00:00.0000,  8.967014580510136E+07, -6.859307273042011E+07, -1.202532930548602E+07
2459977.500000000, A.D. 2023-Feb-02 00:00:00.0000,  9.226493685182557E+07, -6.714986413146730E+07, -1.354962875874716E+07
2459978.500000000, A.D. 2023-Feb-03 00:00:00.0000,  9.480030060616733E+07, -6.566403101963387E+07, -1.506531073374433E+07
2459979.500000000, A.D. 2023-Feb-04 00:00:00.0000,  9.727678746778081E+07, -6.413799271294527E+07, -1.657175183057723E+07
2459980.500000000, A.D. 2023-Feb-05 00:00:00.0000,  9.969499854702312E+07, -6.257406171613251E+07, -1.806838573562615E+07
2459981.500000000, A.D. 2023-Feb-06 00:00:00.0000,  1.020555781108457E+08, -6.097444681668738E+07, -1.955469916891920E+07
2459982.500000000, A.D. 2023-Feb-07 00:00:00.0000,  1.043592067769216E+08, -5.934125640914464E+07, -2.103022804712360E+07
2459983.500000000, A.D. 2023-Feb-08 00:00:00.0000,  1.066065953997008E+08, -5.767650197953136E+07, -2.249455386360981E+07
2459984.500000000, A.D. 2023-Feb-09 00:00:00.0000,  1.087984795934572E+08, -5.598210169253375E+07, -2.394730028389258E+07
2459985.500000000, A.D. 2023-Feb-10 00:00:00.0000,  1.109356148394370E+08, -5.425988403329697E+07, -2.538812995230569E+07
2459986.500000000, A.D. 2023-Feb-11 00:00:00.0000,  1.130187721267299E+08, -5.251159146397774E+07, -2.681674150390742E+07
2459987.500000000, A.D. 2023-Feb-12 00:00:00.0000,  1.150487340793002E+08, -5.073888406231151E+07, -2.823286677424222E+07
2459988.500000000, A.D. 2023-Feb-13 00:00:00.0000,  1.170262915246030E+08, -4.894334311563309E+07, -2.963626819861719E+07
2459989.500000000, A.D. 2023-Feb-14 00:00:00.0000,  1.189522404622750E+08, -4.712647464909996E+07, -3.102673639191299E+07
2459990.500000000, A.D. 2023-Feb-15 00:00:00.0000,  1.208273793944451E+08, -4.528971287140867E+07, -3.240408789957794E+07
2459991.500000000, A.D. 2023-Feb-16 00:00:00.0000,  1.226525069822063E+08, -4.343442352515317E+07, -3.376816311029349E+07
2459992.500000000, A.D. 2023-Feb-17 00:00:00.0000,  1.244284199956857E+08, -4.156190713223463E+07, -3.511882432080737E+07
2459993.500000000, A.D. 2023-Feb-18 00:00:00.0000,  1.261559115279046E+08, -3.967340212747096E+07, -3.645595394356713E+07
2459994.500000000, A.D. 2023-Feb-19 00:00:00.0000,  1.278357694452373E+08, -3.777008787583949E+07, -3.777945284802181E+07
2459995.500000000, A.D. 2023-Feb-20 00:00:00.0000,  1.294687750497172E+08, -3.585308757067952E+07, -3.908923882676630E+07
2459996.500000000, A.D. 2023-Feb-21 00:00:00.0000,  1.310557019307270E+08, -3.392347101173807E+07, -4.038524517806128E+07
2459997.500000000, A.D. 2023-Feb-22 00:00:00.0000,  1.325973149857172E+08, -3.198225726321050E+07, -4.166741939665457E+07
2459998.500000000, A.D. 2023-Feb-23 00:00:00.0000,  1.340943695915523E+08, -3.003041719294987E+07, -4.293572196524243E+07
2459999.500000000, A.D. 2023-Feb-24 00:00:00.0000,  1.355476109098700E+08, -2.806887589483257E+07, -4.419012523933348E+07
2460000.500000000, A.D. 2023-Feb-25 00:00:00.0000,  1.369577733114850E+08, -2.609851499690530E+07, -4.543061241870256E+07
2460001.500000000, A.D. 2023-Feb-26 00:00:00.0000,  1.383255799063596E+08, -2.412017485842719E+07, -4.665717659904199E+07
2460002.500000000, A.D. 2023-Feb-27 00:00:00.0000,  1.396517421670312E+08, -2.213465665928619E+07, -4.786981989782830E+07
2460003.500000000, A.D. 2023-Feb-28 00:00:00.0000,  1.409369596346220E+08, -2.014272438552973E+07, -4.906855264881968E+07
2460004.500000000, A.D. 2023-Mar-01 00:00:00.0000,  1.421819196976794E+08, -1.814510671492588E+07, -5.025339265998044E+07
2460005.500000000, A.D. 2023-Mar-02 00:00:00.0000,  1.433872974351118E+08, -1.614249880657601E+07, -5.142436452999264E+07
2460006.500000000, A.D. 2023-Mar-03 00:00:00.0000,  1.445537555153998E+08, -1.413556399864820E+07, -5.258149901886037E+07
2460007.500000000, A.D. 2023-Mar-04 00:00:00.0000,  1.456819441450935E+08, -1.212493541830076E+07, -5.372483246843752E+07
2460008.500000000, A.D. 2023-Mar-05 00:00:00.0000,  1.467725010603499E+08, -1.011121750782965E+07, -5.485440626901735E+07
2460009.500000000, A.D. 2023-Mar-06 00:00:00.0000,  1.478260515559390E+08, -8.094987471006844E+06, -5.597026636840899E+07
2460010.500000000, A.D. 2023-Mar-07 00:00:00.0000,  1.488432085467464E+08, -6.076796643487399E+06, -5.707246282019573E+07
2460011.500000000, A.D. 2023-Mar-08 00:00:00.0000,  1.498245726573485E+08, -4.057171791056719E+06, -5.816104936812044E+07
2460012.500000000, A.D. 2023-Mar-09 00:00:00.0000,  1.507707323357176E+08, -2.036616339368582E+06, -5.923608306377737E+07
2460013.500000000, A.D. 2023-Mar-10 00:00:00.0000,  1.516822639875560E+08, -1.561153869583458E+04, -6.029762391500640E+07
2460014.500000000, A.D. 2023-Mar-11 00:00:00.0000,  1.525597321281460E+08,  2.005382432920579E+06, -6.134573456258758E+07
2460015.500000000, A.D. 2023-Mar-12 00:00:00.0000,  1.534036895489559E+08,  4.025925424877580E+06, -6.238047998302038E+07
2460016.500000000, A.D. 2023-Mar-13 00:00:00.0000,  1.542146774965547E+08,  6.045596324465565E+06, -6.340192721534459E+07
2460017.500000000, A.D. 2023-Mar-14 00:00:00.0000,  1.549932258616710E+08,  8.063992119609330E+06, -6.441014511011982E+07
2460018.500000000, A.D. 2023-Mar-15 00:00:00.0000,  1.557398533764802E+08,  1.008072701106991E+07, -6.540520409882790E+07
2460019.500000000, A.D. 2023-Mar-16 00:00:00.0000,  1.564550678184322E+08,  1.209543157142010E+07, -6.638717598209887E+07
2460020.500000000, A.D. 2023-Mar-17 00:00:00.0000,  1.571393662191293E+08,  1.410775194824095E+07, -6.735613373528676E+07
2460021.500000000, A.D. 2023-Mar-18 00:00:00.0000,  1.577932350769458E+08,  1.611734910911721E+07, -6.831215133003739E+07
2460022.500000000, A.D. 2023-Mar-19 00:00:00.0000,  1.584171505722399E+08,  1.812389812613499E+07, -6.925530357059753E+07
2460023.500000000, A.D. 2023-Mar-20 00:00:00.0000,  1.590115787841507E+08,  2.012708749770786E+07, -7.018566594371291E+07
2460024.500000000, A.D. 2023-Mar-21 00:00:00.0000,  1.595769759081021E+08,  2.212661850567292E+07, -7.110331448105395E+07
2460025.500000000, A.D. 2023-Mar-22 00:00:00.0000,  1.601137884732477E+08,  2.412220460571104E+07, -7.200832563319099E+07
2460026.500000000, A.D. 2023-Mar-23 00:00:00.0000,  1.606224535591924E+08,  2.611357084925160E+07, -7.290077615421909E+07
2460027.500000000, A.D. 2023-Mar-24 00:00:00.0000,  1.611033990114158E+08,  2.810045333512399E+07, -7.378074299620146E+07
2460028.500000000, A.D. 2023-Mar-25 00:00:00.0000,  1.615570436549047E+08,  3.008259868931409E+07, -7.464830321266791E+07
2460029.500000000, A.D. 2023-Mar-26 00:00:00.0000,  1.619837975055680E+08,  3.205976357127708E+07, -7.550353387046283E+07
2460030.500000000, A.D. 2023-Mar-27 00:00:00.0000,  1.623840619790768E+08,  3.403171420534331E+07, -7.634651196929342E+07
2460031.500000000, A.D. 2023-Mar-28 00:00:00.0000,  1.627582300968236E+08,  3.599822593583829E+07, -7.717731436837912E+07
2460032.500000000, A.D. 2023-Mar-29 00:00:00.0000,  1.631066866887447E+08,  3.795908280461492E+07, -7.799601771964982E+07
2460033.500000000, A.D. 2023-Mar-30 00:00:00.0000,  1.634298085927960E+08,  3.991407714977047E+07, -7.880269840698351E+07
2460034.500000000, A.D. 2023-Mar-31 00:00:00.0000,  1.637279648509091E+08,  4.186300922439108E+07, -7.959743249101320E+07
2460035.500000000, A.D. 2023-Apr-01 00:00:00.0000,  1.640015169012874E+08,  4.380568683423254E+07, -8.038029565906964E+07
2460036.500000000, A.D. 2023-Apr-02 00:00:00.0000,  1.642508187669374E+08,  4.574192499330774E+07, -8.115136317986003E+07
2460037.500000000, A.D. 2023-Apr-03 00:00:00.0000,  1.644762172403505E+08,  4.767154559641191E+07, -8.191070986251284E+07
2460038.500000000, A.D. 2023-Apr-04 00:00:00.0000,  1.646780520642779E+08,  4.959437710766983E+07, -8.265841001964869E+07
2460039.500000000, A.D. 2023-Apr-05 00:00:00.0000,  1.648566561085613E+08,  5.151025426424365E+07, -8.339453743416238E+07
2460040.500000000, A.D. 2023-Apr-06 00:00:00.0000,  1.650123555429985E+08,  5.341901779438797E+07, -8.411916532942583E+07
2460041.500000000, A.D. 2023-Apr-07 00:00:00.0000,  1.651454700062404E+08,  5.532051414908539E+07, -8.483236634264392E+07
2460042.500000000, A.D. 2023-Apr-08 00:00:00.0000,  1.652563127707281E+08,  5.721459524653967E+07, -8.553421250111540E+07
2460043.500000000, A.D. 2023-Apr-09 00:00:00.0000,  1.653451909036911E+08,  5.910111822884463E+07, -8.622477520117068E+07
2460044.500000000, A.D. 2023-Apr-10 00:00:00.0000,  1.654124054242384E+08,  6.097994523018567E+07, -8.690412518957520E+07
2460045.500000000, A.D. 2023-Apr-11 00:00:00.0000,  1.654582514565817E+08,  6.285094315596657E+07, -8.757233254720277E+07
2460046.500000000, A.D. 2023-Apr-12 00:00:00.0000,  1.654830183794385E+08,  6.471398347228990E+07, -8.822946667479971E+07
2460047.500000000, A.D. 2023-Apr-13 00:00:00.0000,  1.654869899716687E+08,  6.656894200524963E+07, -8.887559628067230E+07
2460048.500000000, A.D. 2023-Apr-14 00:00:00.0000,  1.654704445542037E+08,  6.841569874952684E+07, -8.951078937014398E+07
2460049.500000000, A.D. 2023-Apr-15 00:00:00.0000,  1.654336551283308E+08,  7.025413768580671E+07, -9.013511323664011E+07
2460050.500000000, A.D. 2023-Apr-16 00:00:00.0000,  1.653768895104009E+08,  7.208414660656188E+07, -9.074863445426875E+07
2460051.500000000, A.D. 2023-Apr-17 00:00:00.0000,  1.653004104630279E+08,  7.390561694977349E+07, -9.135141887177572E+07
2460052.500000000, A.D. 2023-Apr-18 00:00:00.0000,  1.652044758228540E+08,  7.571844364018390E+07, -9.194353160776171E+07
2460053.500000000, A.D. 2023-Apr-19 00:00:00.0000,  1.650893386249527E+08,  7.752252493769811E+07, -9.252503704705751E+07
2460054.500000000, A.D. 2023-Apr-20 00:00:00.0000,  1.649552472239457E+08,  7.931776229257180E+07, -9.309599883816099E+07
2460055.500000000, A.D. 2023-Apr-21 00:00:00.0000,  1.648024454119102E+08,  8.110406020704375E+07, -9.365647989164737E+07
2460056.500000000, A.D. 2023-Apr-22 00:00:00.0000,  1.646311725331522E+08,  8.288132610308936E+07, -9.420654237947020E+07
2460057.500000000, A.D. 2023-Apr-23 00:00:00.0000,  1.644416635959227E+08,  8.464947019598892E+07, -9.474624773507735E+07
2460058.500000000, A.D. 2023-Apr-24 00:00:00.0000,  1.642341493811549E+08,  8.640840537342158E+07, -9.527565665427132E+07
2460059.500000000, A.D. 2023-Apr-25 00:00:00.0000,  1.640088565482951E+08,  8.815804707981133E+07, -9.579482909674931E+07
2460060.500000000, A.D. 2023-Apr-26 00:00:00.0000,  1.637660077383077E+08,  8.989831320566557E+07, -9.630382428826262E+07
2460061.500000000, A.D. 2023-Apr-27 00:00:00.0000,  1.635058216739253E+08,  9.162912398166172E+07, -9.680270072333978E+07
2460062.500000000, A.D. 2023-Apr-28 00:00:00.0000,  1.632285132572203E+08,  9.335040187724915E+07, -9.729151616852230E+07
2460063.500000000, A.D. 2023-Apr-29 00:00:00.0000,  1.629342936645702E+08,  9.506207150354688E+07, -9.777032766606492E+07
2460064.500000000, A.D. 2023-Apr-30 00:00:00.0000,  1.626233704390886E+08,  9.676405952032901E+07, -9.823919153805721E+07
2460065.500000000, A.D. 2023-May-01 00:00:00.0000,  1.622959475805925E+08,  9.845629454690036E+07, -9.869816339092520E+07
2460066.500000000, A.D. 2023-May-02 00:00:00.0000,  1.619522256331768E+08,  1.001387070766756E+08, -9.914729812027566E+07
2460067.500000000, A.D. 2023-May-03 00:00:00.0000,  1.615924017704615E+08,  1.018112293952844E+08, -9.958664991604879E+07
2460068.500000000, A.D. 2023-May-04 00:00:00.0000,  1.612166698785802E+08,  1.034737955020350E+08, -1.000162722679465E+08
2460069.500000000, A.D. 2023-May-05 00:00:00.0000,  1.608252206369757E+08,  1.051263410345766E+08, -1.004362179711073E+08
2460070.500000000, A.D. 2023-May-06 00:00:00.0000,  1.604182415970641E+08,  1.067688031966092E+08, -1.008465391320002E+08
2460071.500000000, A.D. 2023-May-07 00:00:00.0000,  1.599959172588323E+08,  1.084011206884983E+08, -1.012472871745126E+08
2460072.500000000, A.D. 2023-May-08 00:00:00.0000,  1.595584291454284E+08,  1.100232336406572E+08, -1.016385128462082E+08
2460073.500000000, A.D. 2023-May-09 00:00:00.0000,  1.591059558758045E+08,  1.116350835495685E+08, -1.020202662247345E+08
2460074.500000000, A.D. 2023-May-10 00:00:00.0000,  1.586386732354701E+08,  1.132366132163219E+08, -1.023925967243593E+08
2460075.500000000, A.D. 2023-May-11 00:00:00.0000,  1.581567542454130E+08,  1.148277666875512E+08, -1.027555531026181E+08
2460076.500000000, A.D. 2023-May-12 00:00:00.0000,  1.576603692292409E+08,  1.164084891986609E+08, -1.031091834670556E+08
2460077.500000000, A.D. 2023-May-13 00:00:00.0000,  1.571496858785991E+08,  1.179787271192361E+08, -1.034535352820466E+08
2460078.500000000, A.D. 2023-May-14 00:00:00.0000,  1.566248693169157E+08,  1.195384279005356E+08, -1.037886553756804E+08
2460079.500000000, A.D. 2023-May-15 00:00:00.0000,  1.560860821615241E+08,  1.210875400249738E+08, -1.041145899466968E+08
2460080.500000000, A.D. 2023-May-16 00:00:00.0000,  1.555334845842139E+08,  1.226260129575009E+08, -1.044313845714622E+08
2460081.500000000, A.D. 2023-May-17 00:00:00.0000,  1.549672343702554E+08,  1.241537970987941E+08, -1.047390842109730E+08
2460082.500000000, A.D. 2023-May-18 00:00:00.0000,  1.543874869759472E+08,  1.256708437401796E+08, -1.050377332178776E+08
2460083.500000000, A.D. 2023-May-19 00:00:00.0000,  1.537943955847300E+08,  1.271771050202063E+08, -1.053273753435078E+08
2460084.500000000, A.D. 2023-May-20 00:00:00.0000,  1.531881111619114E+08,  1.286725338827965E+08, -1.056080537449101E+08
2460085.500000000, A.D. 2023-May-21 00:00:00.0000,  1.525687825080436E+08,  1.301570840369047E+08, -1.058798109918695E+08
2460086.500000000, A.D. 2023-May-22 00:00:00.0000,  1.519365563109975E+08,  1.316307099176157E+08, -1.061426890739199E+08
2460087.500000000, A.D. 2023-May-23 00:00:00.0000,  1.512915771967700E+08,  1.330933666486175E+08, -1.063967294073329E+08
2460088.500000000, A.D. 2023-May-24 00:00:00.0000,  1.506339877790675E+08,  1.345450100059894E+08, -1.066419728420805E+08
2460089.500000000, A.D. 2023-May-25 00:00:00.0000,  1.499639287077006E+08,  1.359855963832459E+08, -1.068784596687654E+08
2460090.500000000, A.D. 2023-May-26 00:00:00.0000,  1.492815387158279E+08,  1.374150827575799E+08, -1.071062296255153E+08
2460091.500000000, A.D. 2023-May-27 00:00:00.0000,  1.485869546660852E+08,  1.388334266572550E+08, -1.073253219048357E+08
2460092.500000000, A.D. 2023-May-28 00:00:00.0000,  1.478803115956342E+08,  1.402405861300927E+08, -1.075357751604178E+08
2460093.500000000, A.D. 2023-May-29 00:00:00.0000,  1.471617427601639E+08,  1.416365197130088E+08, -1.077376275138983E+08
2460094.500000000, A.D. 2023-May-30 00:00:00.0000,  1.464313796768797E+08,  1.430211864025525E+08, -1.079309165615673E+08
2460095.500000000, A.D. 2023-May-31 00:00:00.0000,  1.456893521665085E+08,  1.443945456264018E+08, -1.081156793810226E+08
2460096.500000000, A.D. 2023-Jun-01 00:00:00.0000,  1.449357883943543E+08,  1.457565572157772E+08, -1.082919525377666E+08
2460097.500000000, A.D. 2023-Jun-02 00:00:00.0000,  1.441708149104317E+08,  1.471071813787295E+08, -1.084597720917443E+08
2460098.500000000, A.D. 2023-Jun-03 00:00:00.0000,  1.433945566887076E+08,  1.484463786742658E+08, -1.086191736038217E+08
2460099.500000000, A.D. 2023-Jun-04 00:00:00.0000,  1.426071371654792E+08,  1.497741099872766E+08, -1.087701921422003E+08
2460100.500000000, A.D. 2023-Jun-05 00:00:00.0000,  1.418086782769158E+08,  1.510903365042264E+08, -1.089128622887690E+08
2460101.500000000, A.D. 2023-Jun-06 00:00:00.0000,  1.409993004957906E+08,  1.523950196895792E+08, -1.090472181453908E+08
2460102.500000000, A.D. 2023-Jun-07 00:00:00.0000,  1.401791228674300E+08,  1.536881212629210E+08, -1.091732933401238E+08
2460103.500000000, A.D. 2023-Jun-08 00:00:00.0000,  1.393482630449030E+08,  1.549696031767526E+08, -1.092911210333753E+08
2460104.500000000, A.D. 2023-Jun-09 00:00:00.0000,  1.385068373234777E+08,  1.562394275949219E+08, -1.094007339239894E+08
2460105.500000000, A.D. 2023-Jun-10 00:00:00.0000,  1.376549606743680E+08,  1.574975568716664E+08, -1.095021642552669E+08
2460106.500000000, A.D. 2023-Jun-11 00:00:00.0000,  1.367927467777924E+08,  1.587439535312415E+08, -1.095954438209169E+08
2460107.500000000, A.D. 2023-Jun-12 00:00:00.0000,  1.359203080553696E+08,  1.599785802481048E+08, -1.096806039709413E+08
2460108.500000000, A.D. 2023-Jun-13 00:00:00.0000,  1.350377557018713E+08,  1.612013998276360E+08, -1.097576756174514E+08
2460109.500000000, A.D. 2023-Jun-14 00:00:00.0000,  1.341451997163535E+08,  1.624123751873646E+08, -1.098266892404159E+08
2460110.500000000, A.D. 2023-Jun-15 00:00:00.0000,  1.332427489326888E+08,  1.636114693386852E+08, -1.098876748933432E+08
2460111.500000000, A.D. 2023-Jun-16 00:00:00.0000,  1.323305110495178E+08,  1.647986453690365E+08, -1.099406622088945E+08
2460112.500000000, A.D. 2023-Jun-17 00:00:00.0000,  1.314085926596410E+08,  1.659738664245247E+08, -1.099856804044327E+08
2460113.500000000, A.D. 2023-Jun-18 00:00:00.0000,  1.304770992788690E+08,  1.671370956929697E+08, -1.100227582875031E+08
2460114.500000000, A.D. 2023-Jun-19 00:00:00.0000,  1.295361353743518E+08,  1.682882963873534E+08, -1.100519242612498E+08
2460115.500000000, A.D. 2023-Jun-20 00:00:00.0000,  1.285858043924022E+08,  1.694274317296563E+08, -1.100732063297670E+08
2460116.500000000, A.D. 2023-Jun-21 00:00:00.0000,  1.276262087858355E+08,  1.705544649350574E+08, -1.100866321033864E+08
2460117.500000000, A.D. 2023-Jun-22 00:00:00.0000,  1.266574500408382E+08,  1.716693591964836E+08, -1.100922288038993E+08
2460118.500000000, A.D. 2023-Jun-23 00:00:00.0000,  1.256796287033862E+08,  1.727720776694950E+08, -1.100900232697195E+08
2460119.500000000, A.D. 2023-Jun-24 00:00:00.0000,  1.246928444052268E+08,  1.738625834574827E+08, -1.100800419609807E+08
2460120.500000000, A.D. 2023-Jun-25 00:00:00.0000,  1.236971958894412E+08,  1.749408395971699E+08, -1.100623109645749E+08
2460121.500000000, A.D. 2023-Jun-26 00:00:00.0000,  1.226927810356037E+08,  1.760068090443980E+08, -1.100368559991297E+08
2460122.500000000, A.D. 2023-Jun-27 00:00:00.0000,  1.216796968845517E+08,  1.770604546601860E+08, -1.100037024199277E+08
2460123.500000000, A.D. 2023-Jun-28 00:00:00.0000,  1.206580396627826E+08,  1.781017391970468E+08, -1.099628752237670E+08
2460124.500000000, A.D. 2023-Jun-29 00:00:00.0000,  1.196279048064917E+08,  1.791306252855496E+08, -1.099143990537660E+08
2460125.500000000, A.D. 2023-Jun-30 00:00:00.0000,  1.185893869852660E+08,  1.801470754211136E+08, -1.098582982041124E+08
2460126.500000000, A.D. 2023-Jul-01 00:00:00.0000,  1.175425801254476E+08,  1.811510519510227E+08, -1.097945966247596E+08
2460127.500000000, A.D. 2023-Jul-02 00:00:00.0000,  1.164875774331815E+08,  1.821425170616475E+08, -1.097233179260692E+08
2460128.500000000, A.D. 2023-Jul-03 00:00:00.0000,  1.154244714171608E+08,  1.831214327658639E+08, -1.096444853834048E+08
2460129.500000000, A.D. 2023-Jul-04 00:00:00.0000,  1.143533539110830E+08,  1.840877608906567E+08, -1.095581219416748E+08
2460130.500000000, A.D. 2023-Jul-05 00:00:00.0000,  1.132743160958313E+08,  1.850414630648972E+08, -1.094642502198278E+08
2460131.500000000, A.D. 2023-Jul-06 00:00:00.0000,  1.121874485213930E+08,  1.859825007072847E+08, -1.093628925153025E+08
2460132.500000000, A.D. 2023-Jul-07 00:00:00.0000,  1.110928411285280E+08,  1.869108350144411E+08, -1.092540708084307E+08
2460133.500000000, A.D. 2023-Jul-08 00:00:00.0000,  1.099905832702008E+08,  1.878264269491482E+08, -1.091378067667990E+08
2460134.500000000, A.D. 2023-Jul-09 00:00:00.0000,  1.088807637327870E+08,  1.887292372287196E+08, -1.090141217495666E+08
2460135.500000000, A.D. 2023-Jul-10 00:00:00.0000,  1.077634707570673E+08,  1.896192263134956E+08, -1.088830368117432E+08
2460136.500000000, A.D. 2023-Jul-11 00:00:00.0000,  1.066387920590212E+08,  1.904963543954541E+08, -1.087445727084282E+08
2460137.500000000, A.D. 2023-Jul-12 00:00:00.0000,  1.055068148504312E+08,  1.913605813869272E+08, -1.085987498990118E+08
2460138.500000000, A.D. 2023-Jul-13 00:00:00.0000,  1.043676258593107E+08,  1.922118669094154E+08, -1.084455885513404E+08
2460139.500000000, A.D. 2023-Jul-14 00:00:00.0000,  1.032213113501651E+08,  1.930501702824916E+08, -1.082851085458487E+08
2460140.500000000, A.D. 2023-Jul-15 00:00:00.0000,  1.020679571441003E+08,  1.938754505127853E+08, -1.081173294796570E+08
2460141.500000000, A.D. 2023-Jul-16 00:00:00.0000,  1.009076486387868E+08,  1.946876662830409E+08, -1.079422706706403E+08
2460142.500000000, A.D. 2023-Jul-17 00:00:00.0000,  9.974047082829370E+07,  1.954867759412409E+08, -1.077599511614667E+08
2460143.500000000, A.D. 2023-Jul-18 00:00:00.0000,  9.856650832280110E+07,  1.962727374897870E+08, -1.075703897236083E+08
2460144.500000000, A.D. 2023-Jul-19 00:00:00.0000,  9.738584536820470E+07,  1.970455085747312E+08, -1.073736048613278E+08
2460145.500000000, A.D. 2023-Jul-20 00:00:00.0000,  9.619856586562032E+07,  1.978050464750522E+08, -1.071696148156407E+08
2460146.500000000, A.D. 2023-Jul-21 00:00:00.0000,  9.500475339080280E+07,  1.985513080919653E+08, -1.069584375682554E+08
2460147.500000000, A.D. 2023-Jul-22 00:00:00.0000,  9.380449121348859E+07,  1.992842499382631E+08, -1.067400908454942E+08
2460148.500000000, A.D. 2023-Jul-23 00:00:00.0000,  9.259786231667143E+07,  2.000038281276792E+08, -1.065145921221962E+08
2460149.500000000, A.D. 2023-Jul-24 00:00:00.0000,  9.138494941582556E+07,  2.007099983642667E+08, -1.062819586256036E+08
2460150.500000000, A.D. 2023-Jul-25 00:00:00.0000,  9.016583497808450E+07,  2.014027159317859E+08, -1.060422073392351E+08
2460151.500000000, A.D. 2023-Jul-26 00:00:00.0000,  8.894060124138711E+07,  2.020819356830970E+08, -1.057953550067473E+08
2460152.500000000, A.D. 2023-Jul-27 00:00:00.0000,  8.770933023360245E+07,  2.027476120295468E+08, -1.055414181357858E+08
2460153.500000000, A.D. 2023-Jul-28 00:00:00.0000,  8.647210379164368E+07,  2.033996989303479E+08, -1.052804130018295E+08
2460154.500000000, A.D. 2023-Jul-29 00:00:00.0000,  8.522900358058223E+07,  2.040381498819411E+08, -1.050123556520295E+08
2460155.500000000, A.D. 2023-Jul-30 00:00:00.0000,  8.398011111277342E+07,  2.046629179073369E+08, -1.047372619090443E+08
2460156.500000000, A.D. 2023-Jul-31 00:00:00.0000,  8.272550776700436E+07,  2.052739555454287E+08, -1.044551473748756E+08
2460157.500000000, A.D. 2023-Aug-01 00:00:00.0000,  8.146527480767526E+07,  2.058712148402740E+08, -1.041660274347045E+08
2460158.500000000, A.D. 2023-Aug-02 00:00:00.0000,  8.019949340402612E+07,  2.064546473303343E+08, -1.038699172607323E+08
2460159.500000000, A.D. 2023-Aug-03 00:00:00.0000,  7.892824464941898E+07,  2.070242040376718E+08, -1.035668318160281E+08
2460160.500000000, A.D. 2023-Aug-04 00:00:00.0000,  7.765160958068794E+07,  2.075798354570951E+08, -1.032567858583849E+08
2460161.500000000, A.D. 2023-Aug-05 00:00:00.0000,  7.636966919756854E+07,  2.081214915452488E+08, -1.029397939441884E+08
2460162.500000000, A.D. 2023-Aug-06 00:00:00.0000,  7.508250448221774E+07,  2.086491217096402E+08, -1.026158704322991E+08
2460163.500000000, A.D. 2023-Aug-07 00:00:00.0000,  7.379019641883683E+07,  2.091626747976018E+08, -1.022850294879524E+08
2460164.500000000, A.D. 2023-Aug-08 00:00:00.0000,  7.249282601340877E+07,  2.096620990851770E+08, -1.019472850866783E+08
2460165.500000000, A.D. 2023-Aug-09 00:00:00.0000,  7.119047431356277E+07,  2.101473422659321E+08, -1.016026510182442E+08
2460166.500000000, A.D. 2023-Aug-10 00:00:00.0000,  6.988322242857771E+07,  2.106183514396811E+08, -1.012511408906240E+08
2460167.500000000, A.D. 2023-Aug-11 00:00:00.0000,  6.857115154953748E+07,  2.110750731011249E+08, -1.008927681339952E+08
2460168.500000000, A.D. 2023-Aug-12 00:00:00.0000,  6.725434296965088E+07,  2.115174531283934E+08, -1.005275460047692E+08
2460169.500000000, A.D. 2023-Aug-13 00:00:00.0000,  6.593287810474893E+07,  2.119454367714912E+08, -1.001554875896567E+08
2460170.500000000, A.D. 2023-Aug-14 00:00:00.0000,  6.460683851397294E+07,  2.123589686406364E+08, -9.977660580977210E+07
2460171.500000000, A.D. 2023-Aug-15 00:00:00.0000,  6.327630592066692E+07,  2.127579926944905E+08, -9.939091342477997E+07
2460172.500000000, A.D. 2023-Aug-16 00:00:00.0000,  6.194136223348782E+07,  2.131424522282732E+08, -9.899842303708784E+07
2460173.500000000, A.D. 2023-Aug-17 00:00:00.0000,  6.060208956774777E+07,  2.135122898617566E+08, -9.859914709608850E+07
2460174.500000000, A.D. 2023-Aug-18 00:00:00.0000,  5.925857026700295E+07,  2.138674475271342E+08, -9.819309790245590E+07
2460175.500000000, A.D. 2023-Aug-19 00:00:00.0000,  5.791088692490315E+07,  2.142078664567588E+08, -9.778028761249870E+07
2460176.500000000, A.D. 2023-Aug-20 00:00:00.0000,  5.655912240731792E+07,  2.145334871707443E+08, -9.736072824257526E+07
2460177.500000000, A.D. 2023-Aug-21 00:00:00.0000,  5.520335987475365E+07,  2.148442494644278E+08, -9.693443167357469E+07
2460178.500000000, A.D. 2023-Aug-22 00:00:00.0000,  5.384368280507851E+07,  2.151400923956835E+08, -9.650140965546834E+07
2460179.500000000, A.D. 2023-Aug-23 00:00:00.0000,  5.248017501657034E+07,  2.154209542720867E+08, -9.606167381193610E+07
2460180.500000000, A.D. 2023-Aug-24 00:00:00.0000,  5.111292069130480E+07,  2.156867726379205E+08, -9.561523564507231E+07
2460181.500000000, A.D. 2023-Aug-25 00:00:00.0000,  4.974200439890060E+07,  2.159374842610211E+08, -9.516210654017660E+07
2460182.500000000, A.D. 2023-Aug-26 00:00:00.0000,  4.836751112063938E+07,  2.161730251194562E+08, -9.470229777063410E+07
2460183.500000000, A.D. 2023-Aug-27 00:00:00.0000,  4.698952627397794E+07,  2.163933303880312E+08, -9.423582050289091E+07
2460184.500000000, A.D. 2023-Aug-28 00:00:00.0000,  4.560813573747211E+07,  2.165983344246185E+08, -9.376268580153020E+07
2460185.500000000, A.D. 2023-Aug-29 00:00:00.0000,  4.422342587613028E+07,  2.167879707563048E+08, -9.328290463445435E+07
2460186.500000000, A.D. 2023-Aug-30 00:00:00.0000,  4.283548356721707E+07,  2.169621720653498E+08, -9.279648787817952E+07
2460187.500000000, A.D. 2023-Aug-31 00:00:00.0000,  4.144439622652707E+07,  2.171208701749542E+08, -9.230344632324867E+07
2460188.500000000, A.D. 2023-Sep-01 00:00:00.0000,  4.005025183514947E+07,  2.172639960348291E+08, -9.180379067976950E+07
2460189.500000000, A.D. 2023-Sep-02 00:00:00.0000,  3.865313896674489E+07,  2.173914797065619E+08, -9.129753158308384E+07
2460190.500000000, A.D. 2023-Sep-03 00:00:00.0000,  3.725314681535756E+07,  2.175032503487766E+08, -9.078467959957597E+07
2460191.500000000, A.D. 2023-Sep-04 00:00:00.0000,  3.585036522378428E+07,  2.175992362020792E+08, -9.026524523262648E+07
2460192.500000000, A.D. 2023-Sep-05 00:00:00.0000,  3.444488471252504E+07,  2.176793645737865E+08, -8.973923892871992E+07
2460193.500000000, A.D. 2023-Sep-06 00:00:00.0000,  3.303679650933936E+07,  2.177435618224314E+08, -8.920667108371350E+07
2460194.500000000, A.D. 2023-Sep-07 00:00:00.0000,  3.162619257943349E+07,  2.177917533420415E+08, -8.866755204927589E+07
2460195.500000000, A.D. 2023-Sep-08 00:00:00.0000,  3.021316565630494E+07,  2.178238635461836E+08, -8.812189213950393E+07
2460196.500000000, A.D. 2023-Sep-09 00:00:00.0000,  2.879780927327085E+07,  2.178398158517715E+08, -8.756970163772649E+07
2460197.500000000, A.D. 2023-Sep-10 00:00:00.0000,  2.738021779570939E+07,  2.178395326626319E+08, -8.701099080350558E+07
2460198.500000000, A.D. 2023-Sep-11 00:00:00.0000,  2.596048645404141E+07,  2.178229353528224E+08, -8.644576987984322E+07
2460199.500000000, A.D. 2023-Sep-12 00:00:00.0000,  2.453871137748406E+07,  2.177899442496982E+08, -8.587404910060520E+07
2460200.500000000, A.D. 2023-Sep-13 00:00:00.0000,  2.311498962860648E+07,  2.177404786167228E+08, -8.529583869817258E+07
2460201.500000000, A.D. 2023-Sep-14 00:00:00.0000,  2.168941923872045E+07,  2.176744566360177E+08, -8.471114891133134E+07
2460202.500000000, A.D. 2023-Sep-15 00:00:00.0000,  2.026209924413875E+07,  2.175917953906476E+08, -8.411998999341266E+07
2460203.500000000, A.D. 2023-Sep-16 00:00:00.0000,  1.883312972333719E+07,  2.174924108466357E+08, -8.352237222069569E+07
2460204.500000000, A.D. 2023-Sep-17 00:00:00.0000,  1.740261183505484E+07,  2.173762178347069E+08, -8.291830590108588E+07
2460205.500000000, A.D. 2023-Sep-18 00:00:00.0000,  1.597064785737121E+07,  2.172431300317526E+08, -8.230780138308215E+07
2460206.500000000, A.D. 2023-Sep-19 00:00:00.0000,  1.453734122779862E+07,  2.170930599420157E+08, -8.169086906504685E+07
2460207.500000000, A.D. 2023-Sep-20 00:00:00.0000,  1.310279658443023E+07,  2.169259188779911E+08, -8.106751940479332E+07
2460208.500000000, A.D. 2023-Sep-21 00:00:00.0000,  1.166711980818793E+07,  2.167416169410385E+08, -8.043776292950819E+07
2460209.500000000, A.D. 2023-Sep-22 00:00:00.0000,  1.023041806620719E+07,  2.165400630017025E+08, -7.980161024601828E+07
2460210.500000000, A.D. 2023-Sep-23 00:00:00.0000,  8.792799856414255E+06,  2.163211646797419E+08, -7.915907205142823E+07
2460211.500000000, A.D. 2023-Sep-24 00:00:00.0000,  7.354375053335087E+06,  2.160848283238596E+08, -7.851015914413862E+07
2460212.500000000, A.D. 2023-Sep-25 00:00:00.0000,  5.915254955186886E+06,  2.158309589911353E+08, -7.785488243526645E+07
2460213.500000000, A.D. 2023-Sep-26 00:00:00.0000,  4.475552332305065E+06,  2.155594604261552E+08, -7.719325296048620E+07
2460214.500000000, A.D. 2023-Sep-27 00:00:00.0000,  3.035381476956367E+06,  2.152702350398409E+08, -7.652528189231236E+07
2460215.500000000, A.D. 2023-Sep-28 00:00:00.0000,  1.594858254594212E+06,  2.149631838879728E+08, -7.585098055284382E+07
2460216.500000000, A.D. 2023-Sep-29 00:00:00.0000,  1.541001566129590E+05,  2.146382066494101E+08, -7.517036042699373E+07
2460217.500000000, A.D. 2023-Sep-30 00:00:00.0000, -1.286773645338916E+06,  2.142952016040059E+08, -7.448343317622724E+07
2460218.500000000, A.D. 2023-Oct-01 00:00:00.0000, -2.727642243425027E+06,  2.139340656102197E+08, -7.379021065283321E+07
2460219.500000000, A.D. 2023-Oct-02 00:00:00.0000, -4.168382936001291E+06,  2.135546940824268E+08, -7.309070491475531E+07
2460220.500000000, A.D. 2023-Oct-03 00:00:00.0000, -5.608871168242852E+06,  2.131569809679289E+08, -7.238492824101040E+07
2460221.500000000, A.D. 2023-Oct-04 00:00:00.0000, -7.048980470946732E+06,  2.127408187236668E+08, -7.167289314772330E+07
2460222.500000000, A.D. 2023-Oct-05 00:00:00.0000, -8.488582397437043E+06,  2.123060982926406E+08, -7.095461240480785E+07
2460223.500000000, A.D. 2023-Oct-06 00:00:00.0000, -9.927546458494963E+06,  2.118527090800410E+08, -7.023009905332664E+07
2460224.500000000, A.D. 2023-Oct-07 00:00:00.0000, -1.136574005523453E+07,  2.113805389290974E+08, -6.949936642356275E+07
2460225.500000000, A.D. 2023-Oct-08 00:00:00.0000, -1.280302840983947E+07,  2.108894740966495E+08, -6.876242815383872E+07
2460226.500000000, A.D. 2023-Oct-09 00:00:00.0000, -1.423927449407439E+07,  2.103793992284503E+08, -6.801929821011963E+07
2460227.500000000, A.D. 2023-Oct-10 00:00:00.0000, -1.567433895547937E+07,  2.098501973342097E+08, -6.726999090643984E+07
2460228.500000000, A.D. 2023-Oct-11 00:00:00.0000, -1.710808004115275E+07,  2.093017497623885E+08, -6.651452092619399E+07
2460229.500000000, A.D. 2023-Oct-12 00:00:00.0000, -1.854035351902239E+07,  2.087339361747555E+08, -6.575290334433550E+07
2460230.500000000, A.D. 2023-Oct-13 00:00:00.0000, -1.997101259650318E+07,  2.081466345207219E+08, -6.498515365052899E+07
2460231.500000000, A.D. 2023-Oct-14 00:00:00.0000, -2.139990783643109E+07,  2.075397210114676E+08, -6.421128777330340E+07
2460232.500000000, A.D. 2023-Oct-15 00:00:00.0000, -2.282688707016155E+07,  2.069130700938773E+08, -6.343132210525793E+07
2460233.500000000, A.D. 2023-Oct-16 00:00:00.0000, -2.425179530771413E+07,  2.062665544243074E+08, -6.264527352937324E+07
2460234.500000000, A.D. 2023-Oct-17 00:00:00.0000, -2.567447464483921E+07,  2.056000448422041E+08, -6.185315944648486E+07
2460235.500000000, A.D. 2023-Oct-18 00:00:00.0000, -2.709476416687876E+07,  2.049134103435997E+08, -6.105499780397838E+07
2460236.500000000, A.D. 2023-Oct-19 00:00:00.0000, -2.851249984928526E+07,  2.042065180545121E+08, -6.025080712576914E+07
2460237.500000000, A.D. 2023-Oct-20 00:00:00.0000, -2.992751445465820E+07,  2.034792332042816E+08, -5.944060654363270E+07
2460238.500000000, A.D. 2023-Oct-21 00:00:00.0000, -3.133963742615054E+07,  2.027314190988757E+08, -5.862441582995653E+07
2460239.500000000, A.D. 2023-Oct-22 00:00:00.0000, -3.274869477709074E+07,  2.019629370942022E+08, -5.780225543198669E+07
2460240.500000000, A.D. 2023-Oct-23 00:00:00.0000, -3.415450897665848E+07,  2.011736465694719E+08, -5.697414650764803E+07
2460241.500000000, A.D. 2023-Oct-24 00:00:00.0000, -3.555689883144588E+07,  2.003634049006555E+08, -5.614011096302022E+07
2460242.500000000, A.D. 2023-Oct-25 00:00:00.0000, -3.695567936272679E+07,  1.995320674340869E+08, -5.530017149155742E+07
2460243.500000000, A.D. 2023-Oct-26 00:00:00.0000, -3.835066167924909E+07,  1.986794874602683E+08, -5.445435161514392E+07
2460244.500000000, A.D. 2023-Oct-27 00:00:00.0000, -3.974165284535670E+07,  1.978055161879387E+08, -5.360267572708341E+07
2460245.500000000, A.D. 2023-Oct-28 00:00:00.0000, -4.112845574423820E+07,  1.969100027184725E+08, -5.274516913712572E+07
2460246.500000000, A.D. 2023-Oct-29 00:00:00.0000, -4.251086893608976E+07,  1.959927940206823E+08, -5.188185811863998E+07
2460247.500000000, A.D. 2023-Oct-30 00:00:00.0000, -4.388868651097022E+07,  1.950537349061084E+08, -5.101276995805062E+07
2460248.500000000, A.D. 2023-Oct-31 00:00:00.0000, -4.526169793611557E+07,  1.940926680048810E+08, -5.013793300665866E+07
2460249.500000000, A.D. 2023-Nov-01 00:00:00.0000, -4.662968789746881E+07,  1.931094337422552E+08, -4.925737673497824E+07
2460250.500000000, A.D. 2023-Nov-02 00:00:00.0000, -4.799243613517029E+07,  1.921038703159233E+08, -4.837113178972627E+07
2460251.500000000, A.D. 2023-Nov-03 00:00:00.0000, -4.934971727274080E+07,  1.910758136742210E+08, -4.747923005361054E+07
2460252.500000000, A.D. 2023-Nov-04 00:00:00.0000, -5.070130063967760E+07,  1.900250974953551E+08, -4.658170470807149E+07
2460253.500000000, A.D. 2023-Nov-05 00:00:00.0000, -5.204695008716998E+07,  1.889515531677912E+08, -4.567859029914102E+07
2460254.500000000, A.D. 2023-Nov-06 00:00:00.0000, -5.338642379662719E+07,  1.878550097719528E+08, -4.476992280659200E+07
2460255.500000000, A.D. 2023-Nov-07 00:00:00.0000, -5.471947408069696E+07,  1.867352940633974E+08, -4.385573971656287E+07
2460256.500000000, A.D. 2023-Nov-08 00:00:00.0000, -5.604584717643774E+07,  1.855922304576502E+08, -4.293608009785250E+07
2460257.500000000, A.D. 2023-Nov-09 00:00:00.0000, -5.736528303029168E+07,  1.844256410168931E+08, -4.201098468209241E+07
2460258.500000000, A.D. 2023-Nov-10 00:00:00.0000, -5.867751507448895E+07,  1.832353454387208E+08, -4.108049594801629E+07
2460259.500000000, A.D. 2023-Nov-11 00:00:00.0000, -5.998226999449667E+07,  1.820211610472029E+08, -4.014465821006019E+07
2460260.500000000, A.D. 2023-Nov-12 00:00:00.0000, -6.127926748710764E+07,  1.807829027865028E+08, -3.920351771154068E+07
2460261.500000000, A.D. 2023-Nov-13 00:00:00.0000, -6.256822000874490E+07,  1.795203832173335E+08, -3.825712272267426E+07
2460262.500000000, A.D. 2023-Nov-14 00:00:00.0000, -6.384883251353944E+07,  1.782334125165542E+08, -3.730552364371728E+07
2460263.500000000, A.D. 2023-Nov-15 00:00:00.0000, -6.512080218071731E+07,  1.769217984802360E+08, -3.634877311352245E+07
2460264.500000000, A.D. 2023-Nov-16 00:00:00.0000, -6.638381813081133E+07,  1.755853465305576E+08, -3.538692612382761E+07
2460265.500000000, A.D. 2023-Nov-17 00:00:00.0000, -6.763756113019161E+07,  1.742238597269242E+08, -3.442004013961154E+07
2460266.500000000, A.D. 2023-Nov-18 00:00:00.0000, -6.888170328338563E+07,  1.728371387817343E+08, -3.344817522587285E+07
2460267.500000000, A.D. 2023-Nov-19 00:00:00.0000, -7.011590771263590E+07,  1.714249820812622E+08, -3.247139418121055E+07
2460268.500000000, A.D. 2023-Nov-20 00:00:00.0000, -7.133982822411892E+07,  1.699871857121626E+08, -3.148976267860867E+07
2460269.500000000, A.D. 2023-Nov-21 00:00:00.0000, -7.255310896022505E+07,  1.685235434941508E+08, -3.050334941385444E+07
2460270.500000000, A.D. 2023-Nov-22 00:00:00.0000, -7.375538403727373E+07,  1.670338470194598E+08, -2.951222626204377E+07
2460271.500000000, A.D. 2023-Nov-23 00:00:00.0000, -7.494627716801117E+07,  1.655178856997336E+08, -2.851646844266150E+07
2460272.500000000, A.D. 2023-Nov-24 00:00:00.0000, -7.612540126821394E+07,  1.639754468210715E+08, -2.751615469375090E+07
2460273.500000000, A.D. 2023-Nov-25 00:00:00.0000, -7.729235804669343E+07,  1.624063156080043E+08, -2.651136745572252E+07
2460274.500000000, A.D. 2023-Nov-26 00:00:00.0000, -7.844673757796755E+07,  1.608102752972550E+08, -2.550219306538631E+07
2460275.500000000, A.D. 2023-Nov-27 00:00:00.0000, -7.958811785684714E+07,  1.591871072222137E+08, -2.448872196083314E+07
2460276.500000000, A.D. 2023-Nov-28 00:00:00.0000, -8.071606433414266E+07,  1.575365909091362E+08, -2.347104889782205E+07
2460277.500000000, A.D. 2023-Nov-29 00:00:00.0000, -8.183012943268639E+07,  1.558585041861762E+08, -2.244927317838369E+07
2460278.500000000, A.D. 2023-Nov-30 00:00:00.0000, -8.292985204282814E+07,  1.541526233064515E+08, -2.142349889238770E+07
2460279.500000000, A.D. 2023-Dec-01 00:00:00.0000, -8.401475699654219E+07,  1.524187230864627E+08, -2.039383517287272E+07
2460280.500000000, A.D. 2023-Dec-02 00:00:00.0000, -8.508435451925783E+07,  1.506565770612952E+08, -1.936039646598741E+07
2460281.500000000, A.D. 2023-Dec-03 00:00:00.0000, -8.613813965850483E+07,  1.488659576581704E+08, -1.832330281644556E+07
2460282.500000000, A.D. 2023-Dec-04 00:00:00.0000, -8.717559168844503E+07,  1.470466363900515E+08, -1.728268016945449E+07
2460283.500000000, A.D. 2023-Dec-05 00:00:00.0000, -8.819617348934552E+07,  1.451983840711651E+08, -1.623866069013619E+07
2460284.500000000, A.D. 2023-Dec-06 00:00:00.0000, -8.919933090103556E+07,  1.433209710564682E+08, -1.519138310152413E+07
2460285.500000000, A.D. 2023-Dec-07 00:00:00.0000, -9.018449204938336E+07,  1.414141675072758E+08, -1.414099304228599E+07
2460286.500000000, A.D. 2023-Dec-08 00:00:00.0000, -9.115106664482518E+07,  1.394777436854643E+08, -1.308764344539148E+07
2460287.500000000, A.D. 2023-Dec-09 00:00:00.0000, -9.209844525198624E+07,  1.375114702788856E+08, -1.203149493902030E+07
2460288.500000000, A.D. 2023-Dec-10 00:00:00.0000, -9.302599852944644E+07,  1.355151187608651E+08, -1.097271627108046E+07
2460289.500000000, A.D. 2023-Dec-11 00:00:00.0000, -9.393307643872806E+07,  1.334884617869202E+08, -9.911484758790083E+06
2460290.500000000, A.D. 2023-Dec-12 00:00:00.0000, -9.481900742161958E+07,  1.314312736321154E+08, -8.847986764857903E+06
2460291.500000000, A.D. 2023-Dec-13 00:00:00.0000, -9.568309754500040E+07,  1.293433306727844E+08, -7.782418201886766E+06
2460292.500000000, A.D. 2023-Dec-14 00:00:00.0000, -9.652462961239982E+07,  1.272244119166821E+08, -6.714985066712908E+06
2460293.500000000, A.D. 2023-Dec-15 00:00:00.0000, -9.734286224161120E+07,  1.250742995859984E+08, -5.645904006487317E+06
2460294.500000000, A.D. 2023-Dec-16 00:00:00.0000, -9.813702890779452E+07,  1.228927797580627E+08, -4.575402918399230E+06
2460295.500000000, A.D. 2023-Dec-17 00:00:00.0000, -9.890633695163873E+07,  1.206796430690002E+08, -3.503721585037112E+06
2460296.500000000, A.D. 2023-Dec-18 00:00:00.0000, -9.964996655232760E+07,  1.184346854860722E+08, -2.431112347478382E+06
2460297.500000000, A.D. 2023-Dec-19 00:00:00.0000, -1.003670696652598E+08,  1.161577091549373E+08, -1.357840818293154E+06
2460298.500000000, A.D. 2023-Dec-20 00:00:00.0000, -1.010567689247263E+08,  1.138485233286250E+08, -2.841866367394030E+05
2460299.500000000, A.D. 2023-Dec-21 00:00:00.0000, -1.017181565120499E+08,  1.115069453856044E+08,  7.895557314854413E+05
2460300.500000000, A.D. 2023-Dec-22 00:00:00.0000, -1.023502929900503E+08,  1.091328019449719E+08,  1.863076147490658E+06
2460301.500000000, A.D. 2023-Dec-23 00:00:00.0000, -1.029522061051258E+08,  1.067259300874743E+08,  2.936047902918771E+06
2460302.500000000, A.D. 2023-Dec-24 00:00:00.0000, -1.035228895587426E+08,  1.042861786918202E+08,  4.008126771576688E+06
2460303.500000000, A.D. 2023-Dec-25 00:00:00.0000, -1.040613017507197E+08,  1.018134098965284E+08,  5.078950006352745E+06
2460304.500000000, A.D. 2023-Dec-26 00:00:00.0000, -1.045663644973840E+08,  9.930750069840607E+07,  6.148135278781787E+06
2460305.500000000, A.D. 2023-Dec-27 00:00:00.0000, -1.050369617284823E+08,  9.676834469964695E+07,  7.215279558627173E+06
2460306.500000000, A.D. 2023-Dec-28 00:00:00.0000, -1.054719381676772E+08,  9.419585401649173E+07,  8.279957930889703E+06
2460307.500000000, A.D. 2023-Dec-29 00:00:00.0000, -1.058700980025410E+08,  9.158996136338669E+07,  9.341722347738057E+06
2460308.500000000, A.D. 2023-Dec-30 00:00:00.0000, -1.062302035512334E+08,  8.895062232762873E+07,  1.040010031299160E+07
2460309.500000000, A.D. 2023-Dec-31 00:00:00.0000, -1.065509739344969E+08,  8.627781785055333E+07,  1.145459349698528E+07
2460310.500000000, A.D. 2024-Jan-01 00:00:00.0000, -1.068310837632846E+08,  8.357155693243986E+07,  1.250467627992366E+07
2460311.500000000, A.D. 2024-Jan-02 00:00:00.0000, -1.070691618542621E+08,  8.083187957942504E+07,  1.354979422219940E+07
2460312.500000000, A.D. 2024-Jan-03 00:00:00.0000, -1.072637899876273E+08,  7.805886001183814E+07,  1.458936246063006E+07
2460313.500000000, A.D. 2024-Jan-04 00:00:00.0000, -1.074135017242098E+08,  7.525261015446365E+07,  1.562276403017865E+07
2460314.500000000, A.D. 2024-Jan-05 00:00:00.0000, -1.075167813016742E+08,  7.241328343027660E+07,  1.664934811148851E+07
2460315.500000000, A.D. 2024-Jan-06 00:00:00.0000, -1.075720626328978E+08,  6.954107888014199E+07,  1.766842820551387E+07
2460316.500000000, A.D. 2024-Jan-07 00:00:00.0000, -1.075777284332591E+08,  6.663624563177514E+07,  1.867928023769258E+07
2460317.500000000, A.D. 2024-Jan-08 00:00:00.0000, -1.075321095076992E+08,  6.369908774186573E+07,  1.968114059552315E+07
2460318.500000000, A.D. 2024-Jan-09 00:00:00.0000, -1.074334842330376E+08,  6.072996943560155E+07,  2.067320410511562E+07
2460319.500000000, A.D. 2024-Jan-10 00:00:00.0000, -1.072800782761738E+08,  5.772932076779878E+07,  2.165462195432671E+07
2460320.500000000, A.D. 2024-Jan-11 00:00:00.0000, -1.070700645945216E+08,  5.469764372935066E+07,  2.262449957251517E+07
2460321.500000000, A.D. 2024-Jan-12 00:00:00.0000, -1.068015637713128E+08,  5.163551882161374E+07,  2.358189447981408E+07
2460322.500000000, A.D. 2024-Jan-13 00:00:00.0000, -1.064726447452983E+08,  4.854361211951464E+07,  2.452581412216976E+07
2460323.500000000, A.D. 2024-Jan-14 00:00:00.0000, -1.060813260018451E+08,  4.542268284139962E+07,  2.545521371230225E+07
2460324.500000000, A.D. 2024-Jan-15 00:00:00.0000, -1.056255773004540E+08,  4.227359143976098E+07,  2.636899410125515E+07
2460325.500000000, A.D. 2024-Jan-16 00:00:00.0000, -1.051033220222426E+08,  3.909730822172140E+07,  2.726599971038549E+07
2460326.500000000, A.D. 2024-Jan-17 00:00:00.0000, -1.045124402298431E+08,  3.589492250127037E+07,  2.814501655954611E+07
2460327.500000000, A.D. 2024-Jan-18 00:00:00.0000, -1.038507725413040E+08,  3.266765227643025E+07,  2.900477043387744E+07
2460328.500000000, A.D. 2024-Jan-19 00:00:00.0000, -1.031161249287390E+08,  2.941685441345180E+07,  2.984392523908053E+07
2460329.500000000, A.D. 2024-Jan-20 00:00:00.0000, -1.023062745613317E+08,  2.614403530645323E+07,  3.066108160329050E+07
2460330.500000000, A.D. 2024-Jan-21 00:00:00.0000, -1.014189768204894E+08,  2.285086196425747E+07,  3.145477579268131E+07
2460331.500000000, A.D. 2024-Jan-22 00:00:00.0000, -1.004519736219325E+08,  1.953917345618749E+07,  3.222347901763256E+07
2460332.500000000, A.D. 2024-Jan-23 00:00:00.0000, -9.940300318467478E+07,  1.621099262490987E+07,  3.296559721654542E+07
2460333.500000000, A.D. 2024-Jan-24 00:00:00.0000, -9.826981138939805E+07,  1.286853794678510E+07,  3.367947141499573E+07
2460334.500000000, A.D. 2024-Jan-25 00:00:00.0000, -9.705016486772989E+07,  9.514235388391631E+06,  3.436337876855808E+07
2460335.500000000, A.D. 2024-Jan-26 00:00:00.0000, -9.574186595827417E+07,  6.150730071887015E+06,  3.501553440790751E+07
2460336.500000000, A.D. 2024-Jan-27 00:00:00.0000, -9.434276965367466E+07,  2.780897521797871E+06,  3.563409421415840E+07
2460337.500000000, A.D. 2024-Jan-28 00:00:00.0000, -9.285080264410958E+07, -5.921457778818645E+05,  3.621715866013601E+07
2460338.500000000, A.D. 2024-Jan-29 00:00:00.0000, -9.126398453493203E+07, -3.965032833978338E+06,  3.676277785853541E+07
2460339.500000000, A.D. 2024-Jan-30 00:00:00.0000, -8.958045127817295E+07, -7.334137967703618E+06,  3.726895795967983E+07
2460340.500000000, A.D. 2024-Jan-31 00:00:00.0000, -8.779848080786820E+07, -1.069557042544675E+07,  3.773366903866323E+07
2460341.500000000, A.D. 2024-Feb-01 00:00:00.0000, -8.591652080643946E+07, -1.404517023625183E+07,  3.815485460273678E+07
2460342.500000000, A.D. 2024-Feb-02 00:00:00.0000, -8.393321845282584E+07, -1.737850681535107E+07,  3.853044283348602E+07
2460343.500000000, A.D. 2024-Feb-03 00:00:00.0000, -8.184745191252474E+07, -2.069088084365151E+07,  3.885835965325548E+07
2460344.500000000, A.D. 2024-Feb-04 00:00:00.0000, -7.965836322583248E+07, -2.397732996981812E+07,  3.913654367014571E+07
2460345.500000000, A.D. 2024-Feb-05 00:00:00.0000, -7.736539213519770E+07, -2.723263887962872E+07,  3.936296300974076E+07
2460346.500000000, A.D. 2024-Feb-06 00:00:00.0000, -7.496831026894623E+07, -3.045135425139817E+07,  3.953563398399207E+07
2460347.500000000, A.D. 2024-Feb-07 00:00:00.0000, -7.246725497155853E+07, -3.362780506139706E+07,  3.965264147853392E+07
2460348.500000000, A.D. 2024-Feb-08 00:00:00.0000, -6.986276194678196E+07, -3.675612861482610E+07,  3.971216086017955E+07
2460349.500000000, A.D. 2024-Feb-09 00:00:00.0000, -6.715579576743749E+07, -3.983030255281805E+07,  3.971248111859033E+07
2460350.500000000, A.D. 2024-Feb-10 00:00:00.0000, -6.434777721457383E+07, -4.284418292281303E+07,  3.965202886351064E+07
2460351.500000000, A.D. 2024-Feb-11 00:00:00.0000, -6.144060634934001E+07, -4.579154819988117E+07,  3.952939270622101E+07
2460352.500000000, A.D. 2024-Feb-12 00:00:00.0000, -5.843668020439377E+07, -4.866614891485158E+07,  3.934334746687296E+07
2460353.500000000, A.D. 2024-Feb-13 00:00:00.0000, -5.533890401776573E+07, -5.146176228993201E+07,  3.909287757499287E+07
2460354.500000000, A.D. 2024-Feb-14 00:00:00.0000, -5.215069502856191E+07, -5.417225101622089E+07,  3.877719897600201E+07
2460355.500000000, A.D. 2024-Feb-15 00:00:00.0000, -4.887597801493005E+07, -5.679162504598738E+07,  3.839577882927106E+07
2460356.500000000, A.D. 2024-Feb-16 00:00:00.0000, -4.551917197977266E+07, -5.931410503429478E+07,  3.794835228919811E+07
2460357.500000000, A.D. 2024-Feb-17 00:00:00.0000, -4.208516767261866E+07, -6.173418586910233E+07,  3.743493570446708E+07
2460358.500000000, A.D. 2024-Feb-18 00:00:00.0000, -3.857929596469432E+07, -6.404669859529480E+07,  3.685583565377056E+07
2460359.500000000, A.D. 2024-Feb-19 00:00:00.0000, -3.500728745082575E+07, -6.624686898213142E+07,  3.621165335742234E+07
2460360.500000000, A.D. 2024-Feb-20 00:00:00.0000, -3.137522401417119E+07, -6.833037101636222E+07,  3.550328415850792E+07
2460361.500000000, A.D. 2024-Feb-21 00:00:00.0000, -2.768948343321108E+07, -7.029337372890326E+07,  3.473191194623376E+07
2460362.500000000, A.D. 2024-Feb-22 00:00:00.0000, -2.395667841012888E+07, -7.213257997785583E+07,  3.389899858690326E+07
2460363.500000000, A.D. 2024-Feb-23 00:00:00.0000, -2.018359163349235E+07, -7.384525610318109E+07,  3.300626862168193E+07
2460364.500000000, A.D. 2024-Feb-24 00:00:00.0000, -1.637710863886928E+07, -7.542925171982406E+07,  3.205568967177969E+07
2460365.500000000, A.D. 2024-Feb-25 00:00:00.0000, -1.254415028855694E+07, -7.688300930259162E+07,  3.104944914857423E+07
2460366.500000000, A.D. 2024-Feb-26 00:00:00.0000, -8.691606653901137E+06, -7.820556361100462E+07,  2.998992798846324E+07
2460367.500000000, A.D. 2024-Feb-27 00:00:00.0000, -4.826273956735095E+06, -7.939653137912807E+07,  2.887967221301929E+07
2460368.500000000, A.D. 2024-Feb-28 00:00:00.0000, -9.547960233934640E+05, -8.045609203034213E+07,  2.772136315126910E+07
2460369.500000000, A.D. 2024-Feb-29 00:00:00.0000,  2.916388556016697E+06, -8.138496045147102E+07,  2.651778715340728E+07
2460370.500000000, A.D. 2024-Mar-01 00:00:00.0000,  6.781092667406837E+06, -8.218435306240933E+07,  2.527180557820052E+07
2460371.500000000, A.D. 2024-Mar-02 00:00:00.0000,  1.063341972699195E+07, -8.285594854113296E+07,  2.398632575663619E+07
2460372.500000000, A.D. 2024-Mar-03 00:00:00.0000,  1.446779527015883E+07, -8.340184461112410E+07,  2.266427353059993E+07
2460373.500000000, A.D. 2024-Mar-04 00:00:00.0000,  1.827899107588091E+07, -8.382451227575026E+07,  2.130856784677731E+07
2460374.500000000, A.D. 2024-Mar-05 00:00:00.0000,  2.206214207172911E+07, -8.412674880307734E+07,  1.992209776152375E+07
2460375.500000000, A.D. 2024-Mar-06 00:00:00.0000,  2.581275646356184E+07, -8.431163063845763E+07,  1.850770209006516E+07
2460376.500000000, A.D. 2024-Mar-07 00:00:00.0000,  2.952671968428687E+07, -8.438246726533502E+07,  1.706815181947739E+07
2460377.500000000, A.D. 2024-Mar-08 00:00:00.0000,  3.320029285799653E+07, -8.434275686083736E+07,  1.560613530407142E+07
2460378.500000000, A.D. 2024-Mar-09 00:00:00.0000,  3.683010653275125E+07, -8.419614441413152E+07,  1.412424617691095E+07
2460379.500000000, A.D. 2024-Mar-10 00:00:00.0000,  4.041315045295805E+07, -8.394638280231342E+07,  1.262497384340133E+07
2460380.500000000, A.D. 2024-Mar-11 00:00:00.0000,  4.394676012751471E+07, -8.359729715852052E+07,  1.111069637201121E+07
2460381.500000000, A.D. 2024-Mar-12 00:00:00.0000,  4.742860090989570E+07, -8.315275272543526E+07,  9.583675561933488E+06
2460382.500000000, A.D. 2024-Mar-13 00:00:00.0000,  5.085665024801598E+07, -8.261662626794624E+07,  8.046053945758097E+06
2460383.500000000, A.D. 2024-Mar-14 00:00:00.0000,  5.422917869086998E+07, -8.199278102381118E+07,  6.499853474327926E+06
2460384.500000000, A.D. 2024-Mar-15 00:00:00.0000,  5.754473015952975E+07, -8.128504510311158E+07,  4.946975627792504E+06
2460385.500000000, A.D. 2024-Mar-16 00:00:00.0000,  6.080210190220231E+07, -8.049719321069330E+07,  3.389202698394272E+06
2460386.500000000, A.D. 2024-Mar-17 00:00:00.0000,  6.400032444756456E+07, -7.963293157162391E+07,  1.828199995822240E+06
2460387.500000000, A.D. 2024-Mar-18 00:00:00.0000,  6.713864171245311E+07, -7.869588601134609E+07,  2.655187476816587E+05
2460388.500000000, A.D. 2024-Mar-19 00:00:00.0000,  7.021649109962495E+07, -7.768959330398709E+07, -1.297400412013315E+06
2460389.500000000, A.D. 2024-Mar-20 00:00:00.0000,  7.323348267822483E+07, -7.661749597000882E+07, -2.859222856953215E+06
2460390.500000000, A.D. 2024-Mar-21 00:00:00.0000,  7.618937560051733E+07, -7.548293885754868E+07, -4.418711382819161E+06
2460391.500000000, A.D. 2024-Mar-22 00:00:00.0000,  7.908405552749150E+07, -7.428915610559714E+07, -5.974708072833613E+06
2460392.500000000, A.D. 2024-Mar-23 00:00:00.0000,  8.191753856990494E+07, -7.303923718822174E+07, -7.526121893691517E+06
2460393.500000000, A.D. 2024-Mar-24 00:00:00.0000,  8.468999162228107E+07, -7.173612330117755E+07, -9.071954856170561E+06
2460394.500000000, A.D. 2024-Mar-25 00:00:00.0000,  8.740170381965530E+07, -7.038264707548541E+07, -1.061131535687699E+07
2460395.500000000, A.D. 2024-Mar-26 00:00:00.0000,  9.005304796108371E+07, -6.898154380273962E+07, -1.214339675461832E+07
2460396.500000000, A.D. 2024-Mar-27 00:00:00.0000,  9.264446574249811E+07, -6.753544391245401E+07, -1.366746172383664E+07
2460397.500000000, A.D. 2024-Mar-28 00:00:00.0000,  9.517646094316714E+07, -6.604686909726648E+07, -1.518283592852514E+07
2460398.500000000, A.D. 2024-Mar-29 00:00:00.0000,  9.764959278030479E+07, -6.451823255155608E+07, -1.668890415169433E+07
2460399.500000000, A.D. 2024-Mar-30 00:00:00.0000,  1.000644689618584E+08, -6.295184104986693E+07, -1.818510671430513E+07
2460400.500000000, A.D. 2024-Mar-31 00:00:00.0000,  1.024217388875905E+08, -6.134989782171658E+07, -1.967093589210327E+07
2460401.500000000, A.D. 2024-Apr-01 00:00:00.0000,  1.047220872673102E+08, -5.971450581774712E+07, -2.114593237687697E+07
2460402.500000000, A.D. 2024-Apr-02 00:00:00.0000,  1.069662282619692E+08, -5.804767118986763E+07, -2.260968184668698E+07
2460403.500000000, A.D. 2024-Apr-03 00:00:00.0000,  1.091549001713704E+08, -5.635130689021935E+07, -2.406181168617482E+07
2460404.500000000, A.D. 2024-Apr-04 00:00:00.0000,  1.112888606549278E+08, -5.462723632765825E+07, -2.550198787842838E+07
2460405.500000000, A.D. 2024-Apr-05 00:00:00.0000,  1.133688824556219E+08, -5.287719703739067E+07, -2.692991207741958E+07
2460406.500000000, A.D. 2024-Apr-06 00:00:00.0000,  1.153957495907995E+08, -5.110284432974229E+07, -2.834531886252684E+07
2460407.500000000, A.D. 2024-Apr-07 00:00:00.0000,  1.173702539716574E+08, -4.930575489139223E+07, -2.974797317216813E+07
2460408.500000000, A.D. 2024-Apr-08 00:00:00.0000,  1.192931924137286E+08, -4.748743031811912E+07, -3.113766791088286E+07
2460409.500000000, A.D. 2024-Apr-09 00:00:00.0000,  1.211653640023106E+08, -4.564930056275576E+07, -3.251422172261494E+07
2460410.500000000, A.D. 2024-Apr-10 00:00:00.0000,  1.229875677789343E+08, -4.379272728590491E+07, -3.387747692205168E+07
2460411.500000000, A.D. 2024-Apr-11 00:00:00.0000,  1.247606007173653E+08, -4.191900710018799E+07, -3.522729757542393E+07
2460412.500000000, A.D. 2024-Apr-12 00:00:00.0000,  1.264852559600793E+08, -4.002937470148649E+07, -3.656356772201987E+07
2460413.500000000, A.D. 2024-Apr-13 00:00:00.0000,  1.281623212885664E+08, -3.812500588287191E+07, -3.788618972771339E+07
2460414.500000000, A.D. 2024-Apr-14 00:00:00.0000,  1.297925778031311E+08, -3.620702042876898E+07, -3.919508276199051E+07
2460415.500000000, A.D. 2024-Apr-15 00:00:00.0000,  1.313767987900496E+08, -3.427648488841673E+07, -4.049018139023448E+07
2460416.500000000, A.D. 2024-Apr-16 00:00:00.0000,  1.329157487559953E+08, -3.233441522892749E+07, -4.177143427336499E+07
2460417.500000000, A.D. 2024-Apr-17 00:00:00.0000,  1.344101826115464E+08, -3.038177936923981E+07, -4.303880296730191E+07
2460418.500000000, A.D. 2024-Apr-18 00:00:00.0000,  1.358608449873464E+08, -2.841949959705279E+07, -4.429226081511908E+07
2460419.500000000, A.D. 2024-Apr-19 00:00:00.0000,  1.372684696681022E+08, -2.644845487144779E+07, -4.553179192515903E+07
2460420.500000000, A.D. 2024-Apr-20 00:00:00.0000,  1.386337791310803E+08, -2.446948301437729E+07, -4.675739022878417E+07
2460421.500000000, A.D. 2024-Apr-21 00:00:00.0000,  1.399574841771051E+08, -2.248338279455241E+07, -4.796905861184046E+07
2460422.500000000, A.D. 2024-Apr-22 00:00:00.0000,  1.412402836432903E+08, -2.049091590751132E+07, -4.916680811429705E+07
2460423.500000000, A.D. 2024-Apr-23 00:00:00.0000,  1.424828641878425E+08, -1.849280885581766E+07, -5.035065719290090E+07
2460424.500000000, A.D. 2024-Apr-24 00:00:00.0000,  1.436859001382805E+08, -1.648975473343587E+07, -5.152063104204355E+07
2460425.500000000, A.D. 2024-Apr-25 00:00:00.0000,  1.448500533953252E+08, -1.448241491837149E+07, -5.267676096837751E+07
2460426.500000000, A.D. 2024-Apr-26 00:00:00.0000,  1.459759733855326E+08, -1.247142067766098E+07, -5.381908381504326E+07
2460427.500000000, A.D. 2024-Apr-27 00:00:00.0000,  1.470642970564816E+08, -1.045737468875419E+07, -5.494764143167017E+07
2460428.500000000, A.D. 2024-Apr-28 00:00:00.0000,  1.481156489089958E+08, -8.440852481263626E+06, -5.606248018660117E+07
2460429.500000000, A.D. 2024-Apr-29 00:00:00.0000,  1.491306410614750E+08, -6.422403802961919E+06, -5.716365051805618E+07
2460430.500000000, A.D. 2024-Apr-30 00:00:00.0000,  1.501098733419502E+08, -4.402553913800389E+06, -5.825120652120008E+07
2460431.500000000, A.D. 2024-May-01 00:00:00.0000,  1.510539334039589E+08, -2.381804811598882E+06, -5.932520556831137E+07
2460432.500000000, A.D. 2024-May-02 00:00:00.0000,  1.519633968627713E+08, -3.606363929268681E+05, -6.038570795946434E+07
2460433.500000000, A.D. 2024-May-03 00:00:00.0000,  1.528388274488843E+08,  1.660492447441801E+06, -6.143277660133732E+07
2460434.500000000, A.D. 2024-May-04 00:00:00.0000,  1.536807771760507E+08,  3.681142775257781E+06, -6.246647671194473E+07
2460435.500000000, A.D. 2024-May-05 00:00:00.0000,  1.544897865214190E+08,  5.700894630608484E+06, -6.348687554926321E+07
2460436.500000000, A.D. 2024-May-06 00:00:00.0000,  1.552663846156417E+08,  7.719346093854338E+06, -6.449404216187976E+07
2460437.500000000, A.D. 2024-May-07 00:00:00.0000,  1.560110894410561E+08,  9.736112400870625E+06, -6.548804715993766E+07
2460438.500000000, A.D. 2024-May-08 00:00:00.0000,  1.567244080362650E+08,  1.175082510491326E+07, -6.646896250479028E+07
2460439.500000000, A.D. 2024-May-09 00:00:00.0000,  1.574068367056468E+08,  1.376313128256183E+07, -6.743686131589888E+07
2460440.500000000, A.D. 2024-May-10 00:00:00.0000,  1.580588612324960E+08,  1.577269278132322E+07, -6.839181769362491E+07
2460441.500000000, A.D. 2024-May-11 00:00:00.0000,  1.586809570946603E+08,  1.777918550660539E+07, -6.933390655667394E+07
2460442.500000000, A.D. 2024-May-12 00:00:00.0000,  1.592735896816783E+08,  1.978229874589226E+07, -7.026320349304610E+07
2460443.500000000, A.D. 2024-May-13 00:00:00.0000,  1.598372145125474E+08,  2.178173452806719E+07, -7.117978462343812E+07
2460444.500000000, A.D. 2024-May-14 00:00:00.0000,  1.603722774533666E+08,  2.377720701594392E+07, -7.208372647612490E+07
2460445.500000000, A.D. 2024-May-15 00:00:00.0000,  1.608792149341975E+08,  2.576844193017101E+07, -7.297510587242489E+07
2460446.500000000, A.D. 2024-May-16 00:00:00.0000,  1.613584541645744E+08,  2.775517600277660E+07, -7.385399982192437E+07
2460447.500000000, A.D. 2024-May-17 00:00:00.0000,  1.618104133471770E+08,  2.973715645871752E+07, -7.472048542669994E+07
2460448.500000000, A.D. 2024-May-18 00:00:00.0000,  1.622355018892454E+08,  3.171414052388826E+07, -7.557463979383799E+07
2460449.500000000, A.D. 2024-May-19 00:00:00.0000,  1.626341206113840E+08,  3.368589495813288E+07, -7.641653995560583E+07
2460450.500000000, A.D. 2024-May-20 00:00:00.0000,  1.630066619534526E+08,  3.565219561188444E+07, -7.724626279667798E+07
2460451.500000000, A.D. 2024-May-21 00:00:00.0000,  1.633535101772934E+08,  3.761282700513588E+07, -7.806388498786920E+07
2460452.500000000, A.D. 2024-May-22 00:00:00.0000,  1.636750415660876E+08,  3.956758192751906E+07, -7.886948292586729E+07
2460453.500000000, A.D. 2024-May-23 00:00:00.0000,  1.639716246201702E+08,  4.151626105833891E+07, -7.966313267849915E+07
2460454.500000000, A.D. 2024-May-24 00:00:00.0000,  1.642436202491699E+08,  4.345867260547559E+07, -8.044490993509883E+07
2460455.500000000, A.D. 2024-May-25 00:00:00.0000,  1.644913819603669E+08,  4.539463196212926E+07, -8.121488996158028E+07
2460456.500000000, A.D. 2024-May-26 00:00:00.0000,  1.647152560431899E+08,  4.732396138044103E+07, -8.197314755984810E+07
2460457.500000000, A.D. 2024-May-27 00:00:00.0000,  1.649155817497963E+08,  4.924648966107897E+07, -8.271975703120787E+07
2460458.500000000, A.D. 2024-May-28 00:00:00.0000,  1.650926914717000E+08,  5.116205185792927E+07, -8.345479214346316E+07
2460459.500000000, A.D. 2024-May-29 00:00:00.0000,  1.652469109124279E+08,  5.307048899708351E+07, -8.417832610141122E+07
2460460.500000000, A.D. 2024-May-30 00:00:00.0000,  1.653785592562021E+08,  5.497164780935645E+07, -8.489043152047078E+07
2460461.500000000, A.D. 2024-May-31 00:00:00.0000,  1.654879493326597E+08,  5.686538047561538E+07, -8.559118040319568E+07
2460462.500000000, A.D. 2024-Jun-01 00:00:00.0000,  1.655753877776308E+08,  5.875154438424028E+07, -8.628064411844712E+07
2460463.500000000, A.D. 2024-Jun-02 00:00:00.0000,  1.656411751900077E+08,  6.063000190007463E+07, -8.695889338301465E+07
2460464.500000000, A.D. 2024-Jun-03 00:00:00.0000,  1.656856062847452E+08,  6.250062014426174E+07, -8.762599824549153E+07
2460465.500000000, A.D. 2024-Jun-04 00:00:00.0000,  1.657089700420407E+08,  6.436327078439665E+07, -8.828202807222515E+07
2460466.500000000, A.D. 2024-Jun-05 00:00:00.0000,  1.657115498527477E+08,  6.621782983445525E+07, -8.892705153517735E+07
2460467.500000000, A.D. 2024-Jun-06 00:00:00.0000,  1.656936236600830E+08,  6.806417746399274E+07, -8.956113660154088E+07
2460468.500000000, A.D. 2024-Jun-07 00:00:00.0000,  1.656554640976897E+08,  6.990219781613205E+07, -9.018435052497122E+07
2460469.500000000, A.D. 2024-Jun-08 00:00:00.0000,  1.655973386241255E+08,  7.173177883388965E+07, -9.079675983830297E+07
2460470.500000000, A.D. 2024-Jun-09 00:00:00.0000,  1.655195096538450E+08,  7.355281209441140E+07, -9.139843034763035E+07
2460471.500000000, A.D. 2024-Jun-10 00:00:00.0000,  1.654222346847502E+08,  7.536519265071400E+07, -9.198942712764016E+07
2460472.500000000, A.D. 2024-Jun-11 00:00:00.0000,  1.653057664223819E+08,  7.716881888055143E+07, -9.256981451809458E+07
2460473.500000000, A.D. 2024-Jun-12 00:00:00.0000,  1.651703529008290E+08,  7.896359234204431E+07, -9.313965612136824E+07
2460474.500000000, A.D. 2024-Jun-13 00:00:00.0000,  1.650162376004317E+08,  8.074941763573201E+07, -9.369901480095145E+07
2460475.500000000, A.D. 2024-Jun-14 00:00:00.0000,  1.648436595623551E+08,  8.252620227272545E+07, -9.424795268083850E+07
2460476.500000000, A.D. 2024-Jun-15 00:00:00.0000,  1.646528535001105E+08,  8.429385654865351E+07, -9.478653114572471E+07
2460477.500000000, A.D. 2024-Jun-16 00:00:00.0000,  1.644440499081014E+08,  8.605229342311789E+07, -9.531481084194338E+07
2460478.500000000, A.D. 2024-Jun-17 00:00:00.0000,  1.642174751672693E+08,  8.780142840437964E+07, -9.583285167907695E+07
2460479.500000000, A.D. 2024-Jun-18 00:00:00.0000,  1.639733516479174E+08,  8.954117943902296E+07, -9.634071283218342E+07
2460480.500000000, A.D. 2024-Jun-19 00:00:00.0000,  1.637118978097840E+08,  9.127146680634896E+07, -9.683845274458179E+07
2460481.500000000, A.D. 2024-Jun-20 00:00:00.0000,  1.634333282994425E+08,  9.299221301726955E+07, -9.732612913114646E+07
2460482.500000000, A.D. 2024-Jun-21 00:00:00.0000,  1.631378540450989E+08,  9.470334271748212E+07, -9.780379898206170E+07
2460483.500000000, A.D. 2024-Jun-22 00:00:00.0000,  1.628256823488604E+08,  9.640478259471728E+07, -9.827151856699416E+07
2460484.500000000, A.D. 2024-Jun-23 00:00:00.0000,  1.624970169765439E+08,  9.809646128986374E+07, -9.872934343964162E+07
2460485.500000000, A.D. 2024-Jun-24 00:00:00.0000,  1.621520582450959E+08,  9.977830931178339E+07, -9.917732844262117E+07
2460486.500000000, A.D. 2024-Jun-25 00:00:00.0000,  1.617910031076902E+08,  1.014502589556404E+08, -9.961552771266265E+07
2460487.500000000, A.D. 2024-Jun-26 00:00:00.0000,  1.614140452365698E+08,  1.031122442245773E+08, -1.000439946860746E+08
2460488.500000000, A.D. 2024-Jun-27 00:00:00.0000,  1.610213751037007E+08,  1.047642007545784E+08, -1.004627821044542E+08
2460489.500000000, A.D. 2024-Jun-28 00:00:00.0000,  1.606131800592984E+08,  1.064060657423712E+08, -1.008719420206138E+08
2460490.500000000, A.D. 2024-Jun-29 00:00:00.0000,  1.601896444082907E+08,  1.080377778762215E+08, -1.012715258046978E+08
2460491.500000000, A.D. 2024-Jun-30 00:00:00.0000,  1.597509494847782E+08,  1.096592772694881E+08, -1.016615841504697E+08
2460492.500000000, A.D. 2024-Jul-01 00:00:00.0000,  1.592972737245508E+08,  1.112705053968068E+08, -1.020421670817439E+08
2460493.500000000, A.D. 2024-Jul-02 00:00:00.0000,  1.588287927357184E+08,  1.128714050327827E+08, -1.024133239589468E+08
2460494.500000000, A.D. 2024-Jul-03 00:00:00.0000,  1.583456793675124E+08,  1.144619201930737E+08, -1.027751034857854E+08
2460495.500000000, A.D. 2024-Jul-04 00:00:00.0000,  1.578481037773125E+08,  1.160419960777558E+08, -1.031275537160096E+08
2460496.500000000, A.D. 2024-Jul-05 00:00:00.0000,  1.573362334959521E+08,  1.176115790168645E+08, -1.034707220602511E+08
2460497.500000000, A.D. 2024-Jul-06 00:00:00.0000,  1.568102334913556E+08,  1.191706164180122E+08, -1.038046552929252E+08
2460498.500000000, A.D. 2024-Jul-07 00:00:00.0000,  1.562702662305557E+08,  1.207190567159889E+08, -1.041293995591833E+08
2460499.500000000, A.D. 2024-Jul-08 00:00:00.0000,  1.557164917401426E+08,  1.222568493242532E+08, -1.044450003819027E+08
2460500.500000000, A.D. 2024-Jul-09 00:00:00.0000,  1.551490676651906E+08,  1.237839445882300E+08, -1.047515026687039E+08
2460501.500000000, A.D. 2024-Jul-10 00:00:00.0000,  1.545681493267108E+08,  1.253002937403322E+08, -1.050489507189856E+08
2460502.500000000, A.D. 2024-Jul-11 00:00:00.0000,  1.539738897776722E+08,  1.268058488566289E+08, -1.053373882309669E+08
2460503.500000000, A.D. 2024-Jul-12 00:00:00.0000,  1.533664398576388E+08,  1.283005628150860E+08, -1.056168583087291E+08
2460504.500000000, A.D. 2024-Jul-13 00:00:00.0000,  1.527459482460614E+08,  1.297843892553096E+08, -1.058874034692503E+08
2460505.500000000, A.D. 2024-Jul-14 00:00:00.0000,  1.521125615142681E+08,  1.312572825397226E+08, -1.061490656494237E+08
2460506.500000000, A.D. 2024-Jul-15 00:00:00.0000,  1.514664241761931E+08,  1.327191977161148E+08, -1.064018862130556E+08
2460507.500000000, A.D. 2024-Jul-16 00:00:00.0000,  1.508076787378826E+08,  1.341700904815006E+08, -1.066459059578349E+08
2460508.500000000, A.D. 2024-Jul-17 00:00:00.0000,  1.501364657458152E+08,  1.356099171472295E+08, -1.068811651222716E+08
2460509.500000000, A.D. 2024-Jul-18 00:00:00.0000,  1.494529238340750E+08,  1.370386346052935E+08, -1.071077033925968E+08
2460510.500000000, A.D. 2024-Jul-19 00:00:00.0000,  1.487571897704115E+08,  1.384562002957771E+08, -1.073255599096220E+08
2460511.500000000, A.D. 2024-Jul-20 00:00:00.0000,  1.480493985012226E+08,  1.398625721754006E+08, -1.075347732755525E+08
2460512.500000000, A.D. 2024-Jul-21 00:00:00.0000,  1.473296831954930E+08,  1.412577086871084E+08, -1.077353815607524E+08
2460513.500000000, A.D. 2024-Jul-22 00:00:00.0000,  1.465981752877212E+08,  1.426415687306560E+08, -1.079274223104576E+08
2460514.500000000, A.D. 2024-Jul-23 00:00:00.0000,  1.458550045198676E+08,  1.440141116341521E+08, -1.081109325514341E+08
2460515.500000000, A.D. 2024-Jul-24 00:00:00.0000,  1.451002989823534E+08,  1.453752971265132E+08, -1.082859487985795E+08
2460516.500000000, A.D. 2024-Jul-25 00:00:00.0000,  1.443341851541405E+08,  1.467250853107922E+08, -1.084525070614653E+08
2460517.500000000, A.D. 2024-Jul-26 00:00:00.0000,  1.435567879419225E+08,  1.480634366383393E+08, -1.086106428508177E+08
2460518.500000000, A.D. 2024-Jul-27 00:00:00.0000,  1.427682307184535E+08,  1.493903118837638E+08, -1.087603911849368E+08
2460519.500000000, A.D. 2024-Jul-28 00:00:00.0000,  1.419686353600432E+08,  1.507056721206559E+08, -1.089017865960513E+08
2460520.500000000, A.D. 2024-Jul-29 00:00:00.0000,  1.411581222832452E+08,  1.520094786980400E+08, -1.090348631366081E+08
2460521.500000000, A.D. 2024-Jul-30 00:00:00.0000,  1.403368104807626E+08,  1.533016932175236E+08, -1.091596543854963E+08
2460522.500000000, A.D. 2024-Jul-31 00:00:00.0000,  1.395048175565993E+08,  1.545822775111139E+08, -1.092761934542039E+08
2460523.500000000, A.D. 2024-Aug-01 00:00:00.0000,  1.386622597604772E+08,  1.558511936196707E+08, -1.093845129929083E+08
2460524.500000000, A.D. 2024-Aug-02 00:00:00.0000,  1.378092520215479E+08,  1.571084037719688E+08, -1.094846451964977E+08
2460525.500000000, A.D. 2024-Aug-03 00:00:00.0000,  1.369459079814177E+08,  1.583538703643420E+08, -1.095766218105259E+08
2460526.500000000, A.D. 2024-Aug-04 00:00:00.0000,  1.360723400265113E+08,  1.595875559408827E+08, -1.096604741370981E+08
2460527.500000000, A.D. 2024-Aug-05 00:00:00.0000,  1.351886593197948E+08,  1.608094231741741E+08, -1.097362330406898E+08
2460528.500000000, A.D. 2024-Aug-06 00:00:00.0000,  1.342949758318800E+08,  1.620194348465282E+08, -1.098039289538960E+08
2460529.500000000, A.D. 2024-Aug-07 00:00:00.0000,  1.333913983715296E+08,  1.632175538317095E+08, -1.098635918831149E+08
2460530.500000000, A.D. 2024-Aug-08 00:00:00.0000,  1.324780346155850E+08,  1.644037430771214E+08, -1.099152514141630E+08
2460531.500000000, A.D. 2024-Aug-09 00:00:00.0000,  1.315549911383356E+08,  1.655779655864327E+08, -1.099589367178235E+08
2460532.500000000, A.D. 2024-Aug-10 00:00:00.0000,  1.306223734403483E+08,  1.667401844026279E+08, -1.099946765553288E+08
2460533.500000000, A.D. 2024-Aug-11 00:00:00.0000,  1.296802859767768E+08,  1.678903625914578E+08, -1.100224992837771E+08
2460534.500000000, A.D. 2024-Aug-12 00:00:00.0000,  1.287288321851689E+08,  1.690284632252738E+08, -1.100424328614844E+08
2460535.500000000, A.D. 2024-Aug-13 00:00:00.0000,  1.277681145127880E+08,  1.701544493672277E+08, -1.100545048532714E+08
2460536.500000000, A.D. 2024-Aug-14 00:00:00.0000,  1.267982344434688E+08,  1.712682840558197E+08, -1.100587424356880E+08
2460537.500000000, A.D. 2024-Aug-15 00:00:00.0000,  1.258192925240214E+08,  1.723699302897775E+08, -1.100551724021749E+08
2460538.500000000, A.D. 2024-Aug-16 00:00:00.0000,  1.248313883902023E+08,  1.734593510132515E+08, -1.100438211681639E+08
2460539.500000000, A.D. 2024-Aug-17 00:00:00.0000,  1.238346207922677E+08,  1.745365091013094E+08, -1.100247147761172E+08
2460540.500000000, A.D. 2024-Aug-18 00:00:00.0000,  1.228290876201241E+08,  1.756013673457156E+08, -1.099978789005079E+08
2460541.500000000, A.D. 2024-Aug-19 00:00:00.0000,  1.218148859280937E+08,  1.766538884409835E+08, -1.099633388527418E+08
2460542.500000000, A.D. 2024-Aug-20 00:00:00.0000,  1.207921119593072E+08,  1.776940349706823E+08, -1.099211195860223E+08
2460543.500000000, A.D. 2024-Aug-21 00:00:00.0000,  1.197608611697407E+08,  1.787217693939893E+08, -1.098712457001591E+08
2460544.500000000, A.D. 2024-Aug-22 00:00:00.0000,  1.187212282519103E+08,  1.797370540324721E+08, -1.098137414463220E+08
2460545.500000000, A.D. 2024-Aug-23 00:00:00.0000,  1.176733071582386E+08,  1.807398510570902E+08, -1.097486307317422E+08
2460546.500000000, A.D. 2024-Aug-24 00:00:00.0000,  1.166171911241076E+08,  1.817301224754019E+08, -1.096759371243605E+08
2460547.500000000, A.D. 2024-Aug-25 00:00:00.0000,  1.155529726906105E+08,  1.827078301189672E+08, -1.095956838574249E+08
2460548.500000000, A.D. 2024-Aug-26 00:00:00.0000,  1.144807437270174E+08,  1.836729356309333E+08, -1.095078938340397E+08
2460549.500000000, A.D. 2024-Aug-27 00:00:00.0000,  1.134005954529669E+08,  1.846254004537932E+08, -1.094125896316658E+08
2460550.500000000, A.D. 2024-Aug-28 00:00:00.0000,  1.123126184603963E+08,  1.855651858173075E+08, -1.093097935065753E+08
2460551.500000000, A.D. 2024-Aug-29 00:00:00.0000,  1.112169027352248E+08,  1.864922527265761E+08, -1.091995273982602E+08
2460552.500000000, A.D. 2024-Aug-30 00:00:00.0000,  1.101135376788006E+08,  1.874065619502534E+08, -1.090818129337990E+08
2460553.500000000, A.D. 2024-Aug-31 00:00:00.0000,  1.090026121291248E+08,  1.883080740088960E+08, -1.089566714321797E+08
2460554.500000000, A.D. 2024-Sep-01 00:00:00.0000,  1.078842143818666E+08,  1.891967491634344E+08, -1.088241239085877E+08
2460555.500000000, A.D. 2024-Sep-02 00:00:00.0000,  1.067584322111749E+08,  1.900725474037544E+08, -1.086841910786447E+08
2460556.500000000, A.D. 2024-Sep-03 00:00:00.0000,  1.056253528903089E+08,  1.909354284373884E+08, -1.085368933626212E+08
2460557.500000000, A.D. 2024-Sep-04 00:00:00.0000,  1.044850632120873E+08,  1.917853516783023E+08, -1.083822508896073E+08
2460558.500000000, A.D. 2024-Sep-05 00:00:00.0000,  1.033376495091905E+08,  1.926222762357639E+08, -1.082202835016561E+08
2460559.500000000, A.D. 2024-Sep-06 00:00:00.0000,  1.021831976742771E+08,  1.934461609033046E+08, -1.080510107578817E+08
2460560.500000000, A.D. 2024-Sep-07 00:00:00.0000,  1.010217931799961E+08,  1.942569641477380E+08, -1.078744519385403E+08
2460561.500000000, A.D. 2024-Sep-08 00:00:00.0000,  9.985352109885108E+07,  1.950546440982501E+08, -1.076906260490753E+08
2460562.500000000, A.D. 2024-Sep-09 00:00:00.0000,  9.867846612294891E+07,  1.958391585355440E+08, -1.074995518241358E+08
2460563.500000000, A.D. 2024-Sep-10 00:00:00.0000,  9.749671258364075E+07,  1.966104648810359E+08, -1.073012477315704E+08
2460564.500000000, A.D. 2024-Sep-11 00:00:00.0000,  9.630834447106801E+07,  1.973685201860896E+08, -1.070957319763964E+08
2460565.500000000, A.D. 2024-Sep-12 00:00:00.0000,  9.511344545362158E+07,  1.981132811212885E+08, -1.068830225047477E+08
2460566.500000000, A.D. 2024-Sep-13 00:00:00.0000,  9.391209889732827E+07,  1.988447039657342E+08, -1.066631370078028E+08
2460567.500000000, A.D. 2024-Sep-14 00:00:00.0000,  9.270438788517165E+07,  1.995627445963673E+08, -1.064360929256949E+08
2460568.500000000, A.D. 2024-Sep-15 00:00:00.0000,  9.149039523636201E+07,  2.002673584773035E+08, -1.062019074514076E+08
2460569.500000000, A.D. 2024-Sep-16 00:00:00.0000,  9.027020352556421E+07,  2.009585006491775E+08, -1.059605975346560E+08
2460570.500000000, A.D. 2024-Sep-17 00:00:00.0000,  8.904389510209538E+07,  2.016361257184899E+08, -1.057121798857583E+08
2460571.500000000, A.D. 2024-Sep-18 00:00:00.0000,  8.781155210910346E+07,  2.023001878469484E+08, -1.054566709794969E+08
2460572.500000000, A.D. 2024-Sep-19 00:00:00.0000,  8.657325650273727E+07,  2.029506407408005E+08, -1.051940870589743E+08
2460573.500000000, A.D. 2024-Sep-20 00:00:00.0000,  8.532909007132009E+07,  2.035874376401476E+08, -1.049244441394636E+08
2460574.500000000, A.D. 2024-Sep-21 00:00:00.0000,  8.407913445453681E+07,  2.042105313082380E+08, -1.046477580122573E+08
2460575.500000000, A.D. 2024-Sep-22 00:00:00.0000,  8.282347116264579E+07,  2.048198740207295E+08, -1.043640442485150E+08
2460576.500000000, A.D. 2024-Sep-23 00:00:00.0000,  8.156218159572951E+07,  2.054154175549196E+08, -1.040733182031162E+08
2460577.500000000, A.D. 2024-Sep-24 00:00:00.0000,  8.029534706299005E+07,  2.059971131789329E+08, -1.037755950185152E+08
2460578.500000000, A.D. 2024-Sep-25 00:00:00.0000,  7.902304880210556E+07,  2.065649116408636E+08, -1.034708896286040E+08
2460579.500000000, A.D. 2024-Sep-26 00:00:00.0000,  7.774536799865685E+07,  2.071187631578664E+08, -1.031592167625865E+08
2460580.500000000, A.D. 2024-Sep-27 00:00:00.0000,  7.646238580563688E+07,  2.076586174051886E+08, -1.028405909488630E+08
2460581.500000000, A.D. 2024-Sep-28 00:00:00.0000,  7.517418336305332E+07,  2.081844235051406E+08, -1.025150265189321E+08
2460582.500000000, A.D. 2024-Sep-29 00:00:00.0000,  7.388084181763875E+07,  2.086961300159962E+08, -1.021825376113084E+08
2460583.500000000, A.D. 2024-Sep-30 00:00:00.0000,  7.258244234267521E+07,  2.091936849208211E+08, -1.018431381754622E+08
2460584.500000000, A.D. 2024-Oct-01 00:00:00.0000,  7.127906615795566E+07,  2.096770356162188E+08, -1.014968419757837E+08
2460585.500000000, A.D. 2024-Oct-02 00:00:00.0000,  6.997079454988164E+07,  2.101461289009947E+08, -1.011436625955722E+08
2460586.500000000, A.D. 2024-Oct-03 00:00:00.0000,  6.865770889171943E+07,  2.106009109647279E+08, -1.007836134410564E+08
2460587.500000000, A.D. 2024-Oct-04 00:00:00.0000,  6.733989066402452E+07,  2.110413273762486E+08, -1.004167077454475E+08
2460588.500000000, A.D. 2024-Oct-05 00:00:00.0000,  6.601742147524674E+07,  2.114673230720136E+08, -1.000429585730290E+08
2460589.500000000, A.D. 2024-Oct-06 00:00:00.0000,  6.469038308253048E+07,  2.118788423443768E+08, -9.966237882328582E+07
2460590.500000000, A.D. 2024-Oct-07 00:00:00.0000,  6.335885741272303E+07,  2.122758288297471E+08, -9.927498123507778E+07
2460591.500000000, A.D. 2024-Oct-08 00:00:00.0000,  6.202292658360531E+07,  2.126582254966302E+08, -9.888077839085911E+07
2460592.500000000, A.D. 2024-Oct-09 00:00:00.0000,  6.068267292535894E+07,  2.130259746335489E+08, -9.847978272094959E+07
2460593.500000000, A.D. 2024-Oct-10 00:00:00.0000,  5.933817900228414E+07,  2.133790178368355E+08, -9.807200650786012E+07
2460594.500000000, A.D. 2024-Oct-11 00:00:00.0000,  5.798952763478354E+07,  2.137172959982921E+08, -9.765746189067727E+07
2460595.500000000, A.D. 2024-Oct-12 00:00:00.0000,  5.663680192162669E+07,  2.140407492927138E+08, -9.723616086951059E+07
2460596.500000000, A.D. 2024-Oct-13 00:00:00.0000,  5.528008526251125E+07,  2.143493171652682E+08, -9.680811531000750E+07
2460597.500000000, A.D. 2024-Oct-14 00:00:00.0000,  5.391946138093640E+07,  2.146429383187281E+08, -9.637333694793981E+07
2460598.500000000, A.D. 2024-Oct-15 00:00:00.0000,  5.255501434740516E+07,  2.149215507005507E+08, -9.593183739386676E+07
2460599.500000000, A.D. 2024-Oct-16 00:00:00.0000,  5.118682860297222E+07,  2.151850914897977E+08, -9.548362813787934E+07
2460600.500000000, A.D. 2024-Oct-17 00:00:00.0000,  4.981498898315443E+07,  2.154334970838932E+08, -9.502872055443084E+07
2460601.500000000, A.D. 2024-Oct-18 00:00:00.0000,  4.843958074222205E+07,  2.156667030852124E+08, -9.456712590725896E+07
2460602.500000000, A.D. 2024-Oct-19 00:00:00.0000,  4.706068957788838E+07,  2.158846442874961E+08, -9.409885535440463E+07
2460603.500000000, A.D. 2024-Oct-20 00:00:00.0000,  4.567840165641718E+07,  2.160872546620871E+08, -9.362391995333351E+07
2460604.500000000, A.D. 2024-Oct-21 00:00:00.0000,  4.429280363816658E+07,  2.162744673439824E+08, -9.314233066616561E+07
2460605.500000000, A.D. 2024-Oct-22 00:00:00.0000,  4.290398270358976E+07,  2.164462146176949E+08, -9.265409836501911E+07
2460606.500000000, A.D. 2024-Oct-23 00:00:00.0000,  4.151202657971273E+07,  2.166024279029229E+08, -9.215923383747534E+07
2460607.500000000, A.D. 2024-Oct-24 00:00:00.0000,  4.011702356711028E+07,  2.167430377400182E+08, -9.165774779217023E+07
2460608.500000000, A.D. 2024-Oct-25 00:00:00.0000,  3.871906256740197E+07,  2.168679737752506E+08, -9.114965086452033E+07
2460609.500000000, A.D. 2024-Oct-26 00:00:00.0000,  3.731823311129065E+07,  2.169771647458628E+08, -9.063495362258957E+07
2460610.500000000, A.D. 2024-Oct-27 00:00:00.0000,  3.591462538716669E+07,  2.170705384649101E+08, -9.011366657310483E+07
2460611.500000000, A.D. 2024-Oct-28 00:00:00.0000,  3.450833027030188E+07,  2.171480218058804E+08, -8.958580016762733E+07
2460612.500000000, A.D. 2024-Oct-29 00:00:00.0000,  3.309943935265787E+07,  2.172095406870902E+08, -8.905136480888876E+07
2460613.500000000, A.D. 2024-Oct-30 00:00:00.0000,  3.168804497333472E+07,  2.172550200558498E+08, -8.851037085729948E+07
2460614.500000000, A.D. 2024-Oct-31 00:00:00.0000,  3.027424024968613E+07,  2.172843838723947E+08, -8.796282863763864E+07
2460615.500000000, A.D. 2024-Nov-01 00:00:00.0000,  2.885811910912873E+07,  2.172975550935770E+08, -8.740874844593439E+07
2460616.500000000, A.D. 2024-Nov-02 00:00:00.0000,  2.743977632167384E+07,  2.172944556563131E+08, -8.684814055654439E+07
2460617.500000000, A.D. 2024-Nov-03 00:00:00.0000,  2.601930753321116E+07,  2.172750064607815E+08, -8.628101522944613E+07
2460618.500000000, A.D. 2024-Nov-04 00:00:00.0000,  2.459680929957483E+07,  2.172391273533675E+08, -8.570738271774781E+07
2460619.500000000, A.D. 2024-Nov-05 00:00:00.0000,  2.317237912142348E+07,  2.171867371093496E+08, -8.512725327543028E+07
2460620.500000000, A.D. 2024-Nov-06 00:00:00.0000,  2.174611547996693E+07,  2.171177534153231E+08, -8.454063716533174E+07
2460621.500000000, A.D. 2024-Nov-07 00:00:00.0000,  2.031811787357357E+07,  2.170320928513562E+08, -8.394754466738684E+07
2460622.500000000, A.D. 2024-Nov-08 00:00:00.0000,  1.888848685529365E+07,  2.169296708728753E+08, -8.334798608713271E+07
2460623.500000000, A.D. 2024-Nov-09 00:00:00.0000,  1.745732407133501E+07,  2.168104017922747E+08, -8.274197176449485E+07
2460624.500000000, A.D. 2024-Nov-10 00:00:00.0000,  1.602473230052915E+07,  2.166741987602470E+08, -8.212951208286662E+07
2460625.500000000, A.D. 2024-Nov-11 00:00:00.0000,  1.459081549482724E+07,  2.165209737468302E+08, -8.151061747849633E+07
2460626.500000000, A.D. 2024-Nov-12 00:00:00.0000,  1.315567882086669E+07,  2.163506375221688E+08, -8.088529845019713E+07
2460627.500000000, A.D. 2024-Nov-13 00:00:00.0000,  1.171942870265119E+07,  2.161630996369838E+08, -8.025356556939498E+07
2460628.500000000, A.D. 2024-Nov-14 00:00:00.0000,  1.028217286538808E+07,  2.159582684027518E+08, -7.961542949053146E+07
2460629.500000000, A.D. 2024-Nov-15 00:00:00.0000,  8.844020380529286E+06,  2.157360508715855E+08, -7.897090096183833E+07
2460630.500000000, A.D. 2024-Nov-16 00:00:00.0000,  7.405081712063392E+06,  2.154963528158194E+08, -7.831999083650176E+07
2460631.500000000, A.D. 2024-Nov-17 00:00:00.0000,  5.965468764108731E+06,  2.152390787072913E+08, -7.766271008423510E+07
2460632.500000000, A.D. 2024-Nov-18 00:00:00.0000,  4.525294929859158E+06,  2.149641316963257E+08, -7.699906980328058E+07
2460633.500000000, A.D. 2024-Nov-19 00:00:00.0000,  3.084675141936271E+06,  2.146714135904108E+08, -7.632908123285967E+07
2460634.500000000, A.D. 2024-Nov-20 00:00:00.0000,  1.643725924204367E+06,  2.143608248325720E+08, -7.565275576609440E+07
2460635.500000000, A.D. 2024-Nov-21 00:00:00.0000,  2.025654451060107E+05,  2.140322644794423E+08, -7.497010496342324E+07
2460636.500000000, A.D. 2024-Nov-22 00:00:00.0000, -1.238686427420415E+06,  2.136856301790250E+08, -7.428114056653373E+07
2460637.500000000, A.D. 2024-Nov-23 00:00:00.0000, -2.679908069378307E+06,  2.133208181481564E+08, -7.358587451283938E+07
2460638.500000000, A.D. 2024-Nov-24 00:00:00.0000, -4.120976042439427E+06,  2.129377231496631E+08, -7.288431895052546E+07
2460639.500000000, A.D. 2024-Nov-25 00:00:00.0000, -5.561765033890779E+06,  2.125362384692207E+08, -7.217648625419183E+07
2460640.500000000, A.D. 2024-Nov-26 00:00:00.0000, -7.002147794730043E+06,  2.121162558919160E+08, -7.146238904112479E+07
2460641.500000000, A.D. 2024-Nov-27 00:00:00.0000, -8.441995075834909E+06,  2.116776656785146E+08, -7.074204018822393E+07
2460642.500000000, A.D. 2024-Nov-28 00:00:00.0000, -9.881175562126715E+06,  2.112203565414409E+08, -7.001545284962037E+07
2460643.500000000, A.D. 2024-Nov-29 00:00:00.0000, -1.131955580465728E+07,  2.107442156204740E+08, -6.928264047502026E+07
2460644.500000000, A.D. 2024-Nov-30 00:00:00.0000, -1.275700015050628E+07,  2.102491284581726E+08, -6.854361682880548E+07
2460645.500000000, A.D. 2024-Dec-01 00:00:00.0000, -1.419337067044056E+07,  2.097349789750273E+08, -6.779839600993562E+07
2460646.500000000, A.D. 2024-Dec-02 00:00:00.0000, -1.562852708421078E+07,  2.092016494443581E+08, -6.704699247268631E+07
2460647.500000000, A.D. 2024-Dec-03 00:00:00.0000, -1.706232668340236E+07,  2.086490204669658E+08, -6.628942104826763E+07
2460648.500000000, A.D. 2024-Dec-04 00:00:00.0000, -1.849462425173688E+07,  2.080769709455481E+08, -6.552569696736614E+07
2460649.500000000, A.D. 2024-Dec-05 00:00:00.0000, -1.992527198271911E+07,  2.074853780588979E+08, -6.475583588365859E+07
2460650.500000000, A.D. 2024-Dec-06 00:00:00.0000, -2.135411939451959E+07,  2.068741172358971E+08, -6.397985389834353E+07
2460651.500000000, A.D. 2024-Dec-07 00:00:00.0000, -2.278101324197635E+07,  2.062430621293261E+08, -6.319776758574563E+07
2460652.500000000, A.D. 2024-Dec-08 00:00:00.0000, -2.420579742559648E+07,  2.055920845895090E+08, -6.240959402004446E+07
2460653.500000000, A.D. 2024-Dec-09 00:00:00.0000, -2.562831289743185E+07,  2.049210546378158E+08, -6.161535080318627E+07
2460654.500000000, A.D. 2024-Dec-10 00:00:00.0000, -2.704839756369651E+07,  2.042298404400491E+08, -6.081505609403858E+07
2460655.500000000, A.D. 2024-Dec-11 00:00:00.0000, -2.846588618399005E+07,  2.035183082797415E+08, -6.000872863885187E+07
2460656.500000000, A.D. 2024-Dec-12 00:00:00.0000, -2.988061026698320E+07,  2.027863225313959E+08, -5.919638780309491E+07
2460657.500000000, A.D. 2024-Dec-13 00:00:00.0000, -3.129239796241397E+07,  2.020337456337057E+08, -5.837805360473682E+07
2460658.500000000, A.D. 2024-Dec-14 00:00:00.0000, -3.270107394924287E+07,  2.012604380627891E+08, -5.755374674904874E+07
2460659.500000000, A.D. 2024-Dec-15 00:00:00.0000, -3.410645931979431E+07,  2.004662583054852E+08, -5.672348866500659E+07
2460660.500000000, A.D. 2024-Dec-16 00:00:00.0000, -3.550837145972342E+07,  1.996510628327576E+08, -5.588730154338016E+07
2460661.500000000, A.D. 2024-Dec-17 00:00:00.0000, -3.690662392361920E+07,  1.988147060732557E+08, -5.504520837659426E+07
2460662.500000000, A.D. 2024-Dec-18 00:00:00.0000, -3.830102630605993E+07,  1.979570403870966E+08, -5.419723300046116E+07
2460663.500000000, A.D. 2024-Dec-19 00:00:00.0000, -3.969138410792570E+07,  1.970779160399242E+08, -5.334340013787977E+07
2460664.500000000, A.D. 2024-Dec-20 00:00:00.0000, -4.107749859775568E+07,  1.961771811773209E+08, -5.248373544460943E+07
2460665.500000000, A.D. 2024-Dec-21 00:00:00.0000, -4.245916666793929E+07,  1.952546817996424E+08, -5.161826555722889E+07
2460666.500000000, A.D. 2024-Dec-22 00:00:00.0000, -4.383618068551385E+07,  1.943102617373635E+08, -5.074701814339952E+07
2460667.500000000, A.D. 2024-Dec-23 00:00:00.0000, -4.520832833732984E+07,  1.933437626270209E+08, -4.987002195455592E+07
2460668.500000000, A.D. 2024-Dec-24 00:00:00.0000, -4.657539246933836E+07,  1.923550238878570E+08, -4.898730688115805E+07
2460669.500000000, A.D. 2024-Dec-25 00:00:00.0000, -4.793715091973996E+07,  1.913438826992700E+08, -4.809890401064415E+07
2460670.500000000, A.D. 2024-Dec-26 00:00:00.0000, -4.929337634572370E+07,  1.903101739791908E+08, -4.720484568823333E+07
2460671.500000000, A.D. 2024-Dec-27 00:00:00.0000, -5.064383604351170E+07,  1.892537303635166E+08, -4.630516558073518E+07
2460672.500000000, A.D. 2024-Dec-28 00:00:00.0000, -5.198829176141158E+07,  1.881743821867423E+08, -4.539989874353372E+07
2460673.500000000, A.D. 2024-Dec-29 00:00:00.0000, -5.332649950556510E+07,  1.870719574639448E+08, -4.448908169092278E+07
2460674.500000000, A.D. 2024-Dec-30 00:00:00.0000, -5.465820933806638E+07,  1.859462818742900E+08, -4.357275246998077E+07
2460675.500000000, A.D. 2024-Dec-31 00:00:00.0000, -5.598316516710858E+07,  1.847971787462470E+08, -4.265095073818484E+07
2460676.500000000, A.D. 2025-Jan-01 00:00:00.0000, -5.730110452880127E+07,  1.836244690447088E+08, -4.172371784497574E+07
2460677.500000000, A.D. 2025-Jan-02 00:00:00.0000, -5.861175836028448E+07,  1.824279713602435E+08, -4.079109691749933E+07
2460678.500000000, A.D. 2025-Jan-03 00:00:00.0000, -5.991485076374804E+07,  1.812075019007106E+08, -3.985313295076293E+07
2460679.500000000, A.D. 2025-Jan-04 00:00:00.0000, -6.121009876094703E+07,  1.799628744855079E+08, -3.890987290246157E+07
2460680.500000000, A.D. 2025-Jan-05 00:00:00.0000, -6.249721203778502E+07,  1.786939005427322E+08, -3.796136579274386E+07
2460681.500000000, A.D. 2025-Jan-06 00:00:00.0000, -6.377589267851784E+07,  1.774003891095650E+08, -3.700766280920495E+07
2460682.500000000, A.D. 2025-Jan-07 00:00:00.0000, -6.504583488911003E+07,  1.760821468362219E+08, -3.604881741741229E+07
2460683.500000000, A.D. 2025-Jan-08 00:00:00.0000, -6.630672470925563E+07,  1.747389779938374E+08, -3.508488547729011E+07
2460684.500000000, A.D. 2025-Jan-09 00:00:00.0000, -6.755823971255296E+07,  1.733706844866869E+08, -3.411592536570843E+07
2460685.500000000, A.D. 2025-Jan-10 00:00:00.0000, -6.880004869430117E+07,  1.719770658691873E+08, -3.314199810564614E+07
2460686.500000000, A.D. 2025-Jan-11 00:00:00.0000, -7.003181134636268E+07,  1.705579193681574E+08, -3.216316750232156E+07
2460687.500000000, A.D. 2025-Jan-12 00:00:00.0000, -7.125317791851273E+07,  1.691130399108617E+08, -3.117950028670914E+07
2460688.500000000, A.D. 2025-Jan-13 00:00:00.0000, -7.246378886567168E+07,  1.676422201594129E+08, -3.019106626689001E+07
2460689.500000000, A.D. 2025-Jan-14 00:00:00.0000, -7.366327448039168E+07,  1.661452505521585E+08, -2.919793848771236E+07
2460690.500000000, A.D. 2025-Jan-15 00:00:00.0000, -7.485125450994238E+07,  1.646219193527368E+08, -2.820019339927072E+07
2460691.500000000, A.D. 2025-Jan-16 00:00:00.0000, -7.602733775731465E+07,  1.630720127075512E+08, -2.719791103474644E+07
2460692.500000000, A.D. 2025-Jan-17 00:00:00.0000, -7.719112166543299E+07,  1.614953147124826E+08, -2.619117519818790E+07
2460693.500000000, A.D. 2025-Jan-18 00:00:00.0000, -7.834219188383944E+07,  1.598916074897381E+08, -2.518007366284818E+07
2460694.500000000, A.D. 2025-Jan-19 00:00:00.0000, -7.948012181708197E+07,  1.582606712758158E+08, -2.416469838073675E+07
2460695.500000000, A.D. 2025-Jan-20 00:00:00.0000, -8.060447215401046E+07,  1.566022845216650E+08, -2.314514570408718E+07
2460696.500000000, A.D. 2025-Jan-21 00:00:00.0000, -8.171479037715074E+07,  1.549162240062178E+08, -2.212151661948401E+07
2460697.500000000, A.D. 2025-Jan-22 00:00:00.0000, -8.281061025129248E+07,  1.532022649645842E+08, -2.109391699543886E+07
2460698.500000000, A.D. 2025-Jan-23 00:00:00.0000, -8.389145129039882E+07,  1.514601812323173E+08, -2.006245784425266E+07
2460699.500000000, A.D. 2025-Jan-24 00:00:00.0000, -8.495681820189600E+07,  1.496897454072985E+08, -1.902725559904359E+07
2460700.500000000, A.D. 2025-Jan-25 00:00:00.0000, -8.600620030738114E+07,  1.478907290309160E+08, -1.798843240686881E+07
2460701.500000000, A.D. 2025-Jan-26 00:00:00.0000, -8.703907093873580E+07,  1.460629027903664E+08, -1.694611643890397E+07
2460702.500000000, A.D. 2025-Jan-27 00:00:00.0000, -8.805488680861585E+07,  1.442060367440672E+08, -1.590044221870046E+07
2460703.500000000, A.D. 2025-Jan-28 00:00:00.0000, -8.905308735424086E+07,  1.423199005723104E+08, -1.485155096955251E+07
2460704.500000000, A.D. 2025-Jan-29 00:00:00.0000, -9.003309405340967E+07,  1.404042638554727E+08, -1.379959098207454E+07
2460705.500000000, A.D. 2025-Jan-30 00:00:00.0000, -9.099430971165591E+07,  1.384588963822501E+08, -1.274471800311000E+07
2460706.500000000, A.D. 2025-Jan-31 00:00:00.0000, -9.193611771947925E+07,  1.364835684905664E+08, -1.168709564714834E+07
2460707.500000000, A.D. 2025-Feb-01 00:00:00.0000, -9.285788127863492E+07,  1.344780514439937E+08, -1.062689583148788E+07
2460708.500000000, A.D. 2025-Feb-02 00:00:00.0000, -9.375894259653756E+07,  1.324421178467309E+08, -9.564299236462779E+06
2460709.500000000, A.D. 2025-Feb-03 00:00:00.0000, -9.463862204793882E+07,  1.303755421004261E+08, -8.499495792156190E+06
2460710.500000000, A.D. 2025-Feb-04 00:00:00.0000, -9.549621730316779E+07,  1.282781009064167E+08, -7.432685193154372E+06
2460711.500000000, A.D. 2025-Feb-05 00:00:00.0000, -9.633100242237057E+07,  1.261495738173024E+08, -6.364077443051964E+06
2460712.500000000, A.D. 2025-Feb-06 00:00:00.0000, -9.714222691534297E+07,  1.239897438421750E+08, -5.293893430592611E+06
2460713.500000000, A.D. 2025-Feb-07 00:00:00.0000, -9.792911476670742E+07,  1.217983981103072E+08, -4.222365539510049E+06
2460714.500000000, A.D. 2025-Feb-08 00:00:00.0000, -9.869086342633858E+07,  1.195753285986431E+08, -3.149738294303425E+06
2460715.500000000, A.D. 2025-Feb-09 00:00:00.0000, -9.942664276509194E+07,  1.173203329290253E+08, -2.076269044331565E+06
2460716.500000000, A.D. 2025-Feb-10 00:00:00.0000, -1.001355939960469E+08,  1.150332152417221E+08, -1.002228688723631E+06
2460717.500000000, A.D. 2025-Feb-11 00:00:00.0000, -1.008168285616593E+08,  1.127137871524691E+08,  7.209755531566590E+04
2460718.500000000, A.D. 2025-Feb-12 00:00:00.0000, -1.014694269874481E+08,  1.103618688008996E+08,  1.146409338184029E+06
2460719.500000000, A.D. 2025-Feb-13 00:00:00.0000, -1.020924377031421E+08,  1.079772899989103E+08,  2.220390314899087E+06
2460720.500000000, A.D. 2025-Feb-14 00:00:00.0000, -1.026848758326076E+08,  1.055598914881973E+08,  3.293707230806664E+06
2460721.500000000, A.D. 2025-Feb-15 00:00:00.0000, -1.032457219543779E+08,  1.031095263169109E+08,  4.366008953333110E+06
2460722.500000000, A.D. 2025-Feb-16 00:00:00.0000, -1.037739208352279E+08,  1.006260613461326E+08,  5.436925447139956E+06
2460723.500000000, A.D. 2025-Feb-17 00:00:00.0000, -1.042683801399899E+08,  9.810937889768302E+07,  6.506066690048970E+06
2460724.500000000, A.D. 2025-Feb-18 00:00:00.0000, -1.047279691217059E+08,  9.555937855563504E+07,  7.573021527125694E+06
2460725.500000000, A.D. 2025-Feb-19 00:00:00.0000, -1.051515172972616E+08,  9.297597913483661E+07,  8.637356460352495E+06
2460726.500000000, A.D. 2025-Feb-20 00:00:00.0000, -1.055378131148813E+08,  9.035912083074011E+07,  9.698614371399757E+06
2460727.500000000, A.D. 2025-Feb-21 00:00:00.0000, -1.058856026212904E+08,  8.770876756589207E+07,  1.075631317514006E+07
2460728.500000000, A.D. 2025-Feb-22 00:00:00.0000, -1.061935881380122E+08,  8.502490954954760E+07,  1.180994440176738E+07
2460729.500000000, A.D. 2025-Feb-23 00:00:00.0000, -1.064604269581825E+08,  8.230756606803232E+07,  1.285897170571819E+07
2460730.500000000, A.D. 2025-Feb-24 00:00:00.0000, -1.066847300774742E+08,  7.955678852466491E+07,  1.390282930009062E+07
2460731.500000000, A.D. 2025-Feb-25 00:00:00.0000, -1.068650609752299E+08,  7.677266374925864E+07,  1.494092031598004E+07
2460732.500000000, A.D. 2025-Feb-26 00:00:00.0000, -1.069999344647025E+08,  7.395531759840317E+07,  1.597261508716628E+07
2460733.500000000, A.D. 2025-Feb-27 00:00:00.0000, -1.070878156343374E+08,  7.110491886883615E+07,  1.699724936195660E+07
2460734.500000000, A.D. 2025-Feb-28 00:00:00.0000, -1.071271189051692E+08,  6.822168354715574E+07,  1.801412244572129E+07
2460735.500000000, A.D. 2025-Mar-01 00:00:00.0000, -1.071162072324953E+08,  6.530587941977151E+07,  1.902249527963783E+07
2460736.500000000, A.D. 2025-Mar-02 00:00:00.0000, -1.070533914829085E+08,  6.235783106718753E+07,  2.002158846307695E+07
2460737.500000000, A.D. 2025-Mar-03 00:00:00.0000, -1.069369300206593E+08,  5.937792526632391E+07,  2.101058022840524E+07
2460738.500000000, A.D. 2025-Mar-04 00:00:00.0000, -1.067650285407818E+08,  5.636661682360677E+07,  2.198860437727345E+07
2460739.500000000, A.D. 2025-Mar-05 00:00:00.0000, -1.065358401915770E+08,  5.332443486017326E+07,  2.295474818671971E+07
2460740.500000000, A.D. 2025-Mar-06 00:00:00.0000, -1.062474660370241E+08,  5.025198956906133E+07,  2.390805029269069E+07
2460741.500000000, A.D. 2025-Mar-07 00:00:00.0000, -1.058979559206810E+08,  4.714997946284892E+07,  2.484749855980777E+07
2460742.500000000, A.D. 2025-Mar-08 00:00:00.0000, -1.054853098052439E+08,  4.401919912854306E+07,  2.577202795113806E+07
2460743.500000000, A.D. 2025-Mar-09 00:00:00.0000, -1.050074796737185E+08,  4.086054750372794E+07,  2.668051842050626E+07
2460744.500000000, A.D. 2025-Mar-10 00:00:00.0000, -1.044623720872884E+08,  3.767503668305375E+07,  2.757179286065641E+07
2460745.500000000, A.D. 2025-Mar-11 00:00:00.0000, -1.038478515014705E+08,  3.446380125648098E+07,  2.844461515083831E+07
2460746.500000000, A.D. 2025-Mar-12 00:00:00.0000, -1.031617444475485E+08,  3.122810817024076E+07,  2.929768835573223E+07
2460747.500000000, A.D. 2025-Mar-13 00:00:00.0000, -1.024018446921665E+08,  2.796936708844372E+07,  3.012965313431934E+07
2460748.500000000, A.D. 2025-Mar-14 00:00:00.0000, -1.015659194949460E+08,  2.468914121774963E+07,  3.093908642360951E+07
2460749.500000000, A.D. 2025-Mar-15 00:00:00.0000, -1.006517170915278E+08,  2.138915853927856E+07,  3.172450046921909E+07
2460750.500000000, A.D. 2025-Mar-16 00:00:00.0000, -9.965697553641172E+07,  1.807132337057761E+07,  3.248434228318471E+07
2460751.500000000, A.D. 2025-Mar-17 00:00:00.0000, -9.857943304510756E+07,  1.473772815548283E+07,  3.321699361902709E+07
2460752.500000000, A.D. 2025-Mar-18 00:00:00.0000, -9.741683997724615E+07,  1.139066535075391E+07,  3.392077156451050E+07
2460753.500000000, A.D. 2025-Mar-19 00:00:00.0000, -9.616697260028452E+07,  8.032639245185913E+06,  3.459392986319261E+07
2460754.500000000, A.D. 2025-Mar-20 00:00:00.0000, -9.482764876612106E+07,  4.666377509503165E+06,  3.523466108608049E+07
2460755.500000000, A.D. 2025-Mar-21 00:00:00.0000, -9.339674561904263E+07,  1.294842233952131E+06,  3.584109978378948E+07
2460756.500000000, A.D. 2025-Mar-22 00:00:00.0000, -9.187221943157879E+07, -2.078759834314073E+06,  3.641132675673629E+07
2460757.500000000, A.D. 2025-Mar-23 00:00:00.0000, -9.025212763357289E+07, -5.450968189280441E+06,  3.694337458514905E+07
2460758.500000000, A.D. 2025-Mar-24 00:00:00.0000, -8.853465305762912E+07, -8.818060983140973E+06,  3.743523456096192E+07
2460759.500000000, A.D. 2025-Mar-25 00:00:00.0000, -8.671813036969618E+07, -1.217604939343398E+07,  3.788486515875561E+07
2460760.500000000, A.D. 2025-Mar-26 00:00:00.0000, -8.480107458581969E+07, -1.552067441514778E+07,  3.829020217147032E+07
2460761.500000000, A.D. 2025-Mar-27 00:00:00.0000, -8.278221149440935E+07, -1.884740658966788E+07,  3.864917061726432E+07
2460762.500000000, A.D. 2025-Mar-28 00:00:00.0000, -8.066050970781790E+07, -2.215144920848507E+07,  3.895969849527011E+07
2460763.500000000, A.D. 2025-Mar-29 00:00:00.0000, -7.843521395866829E+07, -2.542774554009324E+07,  3.921973242892887E+07
2460764.500000000, A.D. 2025-Mar-30 00:00:00.0000, -7.610587913750534E+07, -2.867099061841520E+07,  3.942725518521757E+07
2460765.500000000, A.D. 2025-Mar-31 00:00:00.0000, -7.367240444278811E+07, -3.187564809519889E+07,  3.958030499611402E+07
2460766.500000000, A.D. 2025-Apr-01 00:00:00.0000, -7.113506688746689E+07, -3.503597259218829E+07,  3.967699653552140E+07
2460767.500000000, A.D. 2025-Apr-02 00:00:00.0000, -6.849455328563778E+07, -3.814603788738722E+07,  3.971554332202190E+07
2460768.500000000, A.D. 2025-Apr-03 00:00:00.0000, -6.575198973691069E+07, -4.119977113077958E+07,  3.969428122783770E+07
2460769.500000000, A.D. 2025-Apr-04 00:00:00.0000, -6.290896754532417E+07, -4.419099310804684E+07,  3.961169268111894E+07
2460770.500000000, A.D. 2025-Apr-05 00:00:00.0000, -5.996756446473947E+07, -4.711346435866423E+07,  3.946643105730840E+07
2460771.500000000, A.D. 2025-Apr-06 00:00:00.0000, -5.693036016426843E+07, -4.996093671331225E+07,  3.925734467214482E+07
2460772.500000000, A.D. 2025-Apr-07 00:00:00.0000, -5.380044486469022E+07, -5.272720955471233E+07,  3.898349972094955E+07
2460773.500000000, A.D. 2025-Apr-08 00:00:00.0000, -5.058142021657585E+07, -5.540618983948822E+07,  3.864420146355127E+07
2460774.500000000, A.D. 2025-Apr-09 00:00:00.0000, -4.727739167555919E+07, -5.799195466341247E+07,  3.823901293844350E+07
2460775.500000000, A.D. 2025-Apr-10 00:00:00.0000, -4.389295187734903E+07, -6.047881492750555E+07,  3.776777050917676E+07
2460776.500000000, A.D. 2025-Apr-11 00:00:00.0000, -4.043315481632093E+07, -6.286137848750664E+07,  3.723059560406389E+07
2460777.500000000, A.D. 2025-Apr-12 00:00:00.0000, -3.690348097258341E+07, -6.513461106230620E+07,  3.662790210767627E+07
2460778.500000000, A.D. 2025-Apr-13 00:00:00.0000, -3.330979389374396E+07, -6.729389315240295E+07,  3.596039899660935E+07
2460779.500000000, A.D. 2025-Apr-14 00:00:00.0000, -2.965828909585473E+07, -6.933507128598128E+07,  3.522908797640022E+07
2460780.500000000, A.D. 2025-Apr-15 00:00:00.0000, -2.595543647816553E+07, -7.125450206920308E+07,  3.443525606189914E+07
2460781.500000000, A.D. 2025-Apr-16 00:00:00.0000, -2.220791772421606E+07, -7.304908776217782E+07,  3.358046323802304E+07
2460782.500000000, A.D. 2025-Apr-17 00:00:00.0000, -1.842256036685342E+07, -7.471630241847706E+07,  3.266652552854585E+07
2460783.500000000, A.D. 2025-Apr-18 00:00:00.0000, -1.460627031222669E+07, -7.625420799314626E+07,  3.169549397435714E+07
2460784.500000000, A.D. 2025-Apr-19 00:00:00.0000, -1.076596464043326E+07, -7.766146021673700E+07,  3.066963016783522E+07
2460785.500000000, A.D. 2025-Apr-20 00:00:00.0000, -6.908506429205897E+06, -7.893730442401023E+07,  2.959137909765567E+07
2460786.500000000, A.D. 2025-Apr-21 00:00:00.0000, -3.040643190584153E+06, -8.008156188988304E+07,  2.846334012299558E+07
2460787.500000000, A.D. 2025-Apr-22 00:00:00.0000,  8.310497158002984E+05, -8.109460753982681E+07,  2.728823691606360E+07
2460788.500000000, A.D. 2025-Apr-23 00:00:00.0000,  4.700219605582223E+06, -8.197734015083559E+07,  2.606888718928635E+07
2460789.500000000, A.D. 2025-Apr-24 00:00:00.0000,  8.560780145912053E+06, -8.273114633259095E+07,  2.480817296361817E+07
2460790.500000000, A.D. 2025-Apr-25 00:00:00.0000,  1.240694771316971E+07, -8.335785967378272E+07,  2.350901204493486E+07
2460791.500000000, A.D. 2025-Apr-26 00:00:00.0000,  1.623327025784351E+07, -8.385971645927598E+07,  2.217433126526961E+07
2460792.500000000, A.D. 2025-Apr-27 00:00:00.0000,  2.003464877086473E+07, -8.423930931856459E+07,  2.080704192399093E+07
2460793.500000000, A.D. 2025-Apr-28 00:00:00.0000,  2.380635167396298E+07, -8.449954006685036E+07,  1.941001773956873E+07
2460794.500000000, A.D. 2025-Apr-29 00:00:00.0000,  2.754402263801612E+07, -8.464357286107491E+07,  1.798607550275431E+07
2460795.500000000, A.D. 2025-Apr-30 00:00:00.0000,  3.124368246578857E+07, -8.467478862854005E+07,  1.653795851259470E+07
2460796.500000000, A.D. 2025-May-01 00:00:00.0000,  3.490172576046062E+07, -8.459674154866251E+07,  1.506832278170504E+07
2460797.500000000, A.D. 2025-May-02 00:00:00.0000,  3.851491314332573E+07, -8.441311819037528E+07,  1.357972591888507E+07
2460798.500000000, A.D. 2025-May-03 00:00:00.0000,  4.208035978918190E+07, -8.412769973784795E+07,  1.207461853620479E+07
2460799.500000000, A.D. 2025-May-04 00:00:00.0000,  4.559552102340447E+07, -8.374432758220144E+07,  1.055533798358229E+07
2460800.500000000, A.D. 2025-May-05 00:00:00.0000,  4.905817567777871E+07, -8.326687242100543E+07,  9.024104185214411E+06
2460801.500000000, A.D. 2025-May-06 00:00:00.0000,  5.246640783981725E+07, -8.269920689272854E+07,  7.483017337014180E+06
2460802.500000000, A.D. 2025-May-07 00:00:00.0000,  5.581858755863600E+07, -8.204518168041225E+07,  5.934057220188923E+06
2460803.500000000, A.D. 2025-May-08 00:00:00.0000,  5.911335099468181E+07, -8.130860494681275E+07,  4.379083890942495E+06
2460804.500000000, A.D. 2025-May-09 00:00:00.0000,  6.234958042479724E+07, -8.049322491036706E+07,  2.819839517794833E+06
2460805.500000000, A.D. 2025-May-10 00:00:00.0000,  6.552638444134898E+07, -7.960271533532158E+07,  1.257951154187605E+06
2460806.500000000, A.D. 2025-May-11 00:00:00.0000,  6.864307861657543E+07, -7.864066368768962E+07, -3.050657468308508E+05
2460807.500000000, A.D. 2025-May-12 00:00:00.0000,  7.169916684226279E+07, -7.761056169881821E+07, -1.867803248397041E+06
2460808.500000000, A.D. 2025-May-13 00:00:00.0000,  7.469432350102267E+07, -7.651579807780656E+07, -3.428956427598916E+06
2460809.500000000, A.D. 2025-May-14 00:00:00.0000,  7.762837657899898E+07, -7.535965312060502E+07, -4.987318586100113E+06
2460810.500000000, A.D. 2025-May-15 00:00:00.0000,  8.050129179058616E+07, -7.414529497539213E+07, -6.541776284930803E+06
2460811.500000000, A.D. 2025-May-16 00:00:00.0000,  8.331315775325572E+07, -7.287577733913396E+07, -8.091304296621978E+06
2460812.500000000, A.D. 2025-May-17 00:00:00.0000,  8.606417222426139E+07, -7.155403837771997E+07, -9.634960551399454E+06
2460813.500000000, A.D. 2025-May-18 00:00:00.0000,  8.875462939014517E+07, -7.018290068067354E+07, -1.117188113947186E+07
2460814.500000000, A.D. 2025-May-19 00:00:00.0000,  9.138490818388920E+07, -6.876507208031781E+07, -1.270127541854795E+07
2460815.500000000, A.D. 2025-May-20 00:00:00.0000,  9.395546159255555E+07, -6.730314718382517E+07, -1.422242126454631E+07
2460816.500000000, A.D. 2025-May-21 00:00:00.0000,  9.646680690967764E+07, -6.579960948434924E+07, -1.573466049390708E+07
2460817.500000000, A.D. 2025-May-22 00:00:00.0000,  9.891951688091211E+07, -6.425683393413632E+07, -1.723739447784930E+07
2460818.500000000, A.D. 2025-May-23 00:00:00.0000,  1.013142116879974E+08, -6.267708987795750E+07, -1.873007996219009E+07
2460819.500000000, A.D. 2025-May-24 00:00:00.0000,  1.036515517144318E+08, -6.106254425930218E+07, -2.021222510080305E+07
2460820.500000000, A.D. 2025-May-25 00:00:00.0000,  1.059322310360757E+08, -5.941526502449974E+07, -2.168338570629344E+07
2460821.500000000, A.D. 2025-May-26 00:00:00.0000,  1.081569715807677E+08, -5.773722466131597E+07, -2.314316171786644E+07
2460822.500000000, A.D. 2025-May-27 00:00:00.0000,  1.103265179027375E+08, -5.603030381865611E+07, -2.459119388353124E+07
2460823.500000000, A.D. 2025-May-28 00:00:00.0000,  1.124416325198736E+08, -5.429629496287947E+07, -2.602716065160081E+07
2460824.500000000, A.D. 2025-May-29 00:00:00.0000,  1.145030917645687E+08, -5.253690603398205E+07, -2.745077526480714E+07
2460825.500000000, A.D. 2025-May-30 00:00:00.0000,  1.165116821017771E+08, -5.075376407163005E+07, -2.886178304916552E+07
2460826.500000000, A.D. 2025-May-31 00:00:00.0000,  1.184681968709559E+08, -4.894841878683145E+07, -3.025995888890374E+07
2460827.500000000, A.D. 2025-Jun-01 00:00:00.0000,  1.203734334116381E+08, -4.712234606001061E+07, -3.164510487825737E+07
2460828.500000000, A.D. 2025-Jun-02 00:00:00.0000,  1.222281905354254E+08, -4.527695135049239E+07, -3.301704814065940E+07
2460829.500000000, A.D. 2025-Jun-03 00:00:00.0000,  1.240332663101535E+08, -4.341357300600374E+07, -3.437563880577096E+07
2460830.500000000, A.D. 2025-Jun-04 00:00:00.0000,  1.257894561248246E+08, -4.153348546382937E+07, -3.572074813486967E+07
2460831.500000000, A.D. 2025-Jun-05 00:00:00.0000,  1.274975510066062E+08, -3.963790233780005E+07, -3.705226678529579E+07
2460832.500000000, A.D. 2025-Jun-06 00:00:00.0000,  1.291583361637371E+08, -3.772797938740321E+07, -3.837010320492719E+07
2460833.500000000, A.D. 2025-Jun-07 00:00:00.0000,  1.307725897305647E+08, -3.580481736705084E+07, -3.967418214798698E+07
2460834.500000000, A.D. 2025-Jun-08 00:00:00.0000,  1.323410816931504E+08, -3.386946475496833E+07, -4.096444330386469E+07
2460835.500000000, A.D. 2025-Jun-09 00:00:00.0000,  1.338645729759225E+08, -3.192292036232665E+07, -4.224084003103620E+07
2460836.500000000, A.D. 2025-Jun-10 00:00:00.0000,  1.353438146717435E+08, -2.996613582417020E+07, -4.350333818858780E+07
2460837.500000000, A.D. 2025-Jun-11 00:00:00.0000,  1.367795473994839E+08, -2.800001797442694E+07, -4.475191505827670E+07
2460838.500000000, A.D. 2025-Jun-12 00:00:00.0000,  1.381725007747773E+08, -2.602543110785832E+07, -4.598655835048484E+07
2460839.500000000, A.D. 2025-Jun-13 00:00:00.0000,  1.395233929810667E+08, -2.404319913224064E+07, -4.720726528784049E+07
2460840.500000000, A.D. 2025-Jun-14 00:00:00.0000,  1.408329304293683E+08, -2.205410761438612E+07, -4.841404176068847E+07
2460841.500000000, A.D. 2025-Jun-15 00:00:00.0000,  1.421018074963627E+08, -2.005890572383592E+07, -4.960690154898150E+07
2460842.500000000, A.D. 2025-Jun-16 00:00:00.0000,  1.433307063315018E+08, -1.805830807820005E+07, -5.078586560553956E+07
2460843.500000000, A.D. 2025-Jun-17 00:00:00.0000,  1.445202967247935E+08, -1.605299649419875E+07, -5.195096139598113E+07
2460844.500000000, A.D. 2025-Jun-18 00:00:00.0000,  1.456712360278051E+08, -1.404362164848534E+07, -5.310222229096776E+07
2460845.500000000, A.D. 2025-Jun-19 00:00:00.0000,  1.467841691212186E+08, -1.203080465231450E+07, -5.423968700672143E+07
2460846.500000000, A.D. 2025-Jun-20 00:00:00.0000,  1.478597284229846E+08, -1.001513854407001E+07, -5.536339909007348E+07
2460847.500000000, A.D. 2025-Jun-21 00:00:00.0000,  1.488985339317660E+08, -7.997189703587735E+06, -5.647340644458428E+07
2460848.500000000, A.D. 2025-Jun-22 00:00:00.0000,  1.499011933009364E+08, -5.977499192113213E+06, -5.756976089453337E+07
2460849.500000000, A.D. 2025-Jun-23 00:00:00.0000,  1.508683019389197E+08, -3.956584021618921E+06, -5.865251778382515E+07
2460850.500000000, A.D. 2025-Jun-24 00:00:00.0000,  1.518004431321210E+08, -1.934938357081931E+06, -5.972173560708073E+07
2460851.500000000, A.D. 2025-Jun-25 00:00:00.0000,  1.526981881871182E+08,  8.696534481018409E+04, -6.077747567039790E+07
2460852.500000000, A.D. 2025-Jun-26 00:00:00.0000,  1.535620965891527E+08,  2.108675257195178E+06, -6.181980177945633E+07
2460853.500000000, A.D. 2025-Jun-27 00:00:00.0000,  1.543927161743006E+08,  4.129759161624201E+06, -6.284877995282602E+07
2460854.500000000, A.D. 2025-Jun-28 00:00:00.0000,  1.551905833129964E+08,  6.149803480654310E+06, -6.386447815850428E+07
2460855.500000000, A.D. 2025-Jun-29 00:00:00.0000,  1.559562231028568E+08,  8.168412361538269E+06, -6.486696607186115E+07
2460856.500000000, A.D. 2025-Jun-30 00:00:00.0000,  1.566901495689881E+08,  1.018520680824370E+07, -6.585631485331649E+07
2460857.500000000, A.D. 2025-Jul-01 00:00:00.0000,  1.573928658701761E+08,  1.219982385916980E+07, -6.683259694420283E+07
2460858.500000000, A.D. 2025-Jul-02 00:00:00.0000,  1.580648645095478E+08,  1.421191580806279E+07, -6.779588587939069E+07
2460859.500000000, A.D. 2025-Jul-03 00:00:00.0000,  1.587066275484674E+08,  1.622114946575961E+07, -6.874625611536443E+07
2460860.500000000, A.D. 2025-Jul-04 00:00:00.0000,  1.593186268225797E+08,  1.822720546051434E+07, -6.968378287254016E+07
2460861.500000000, A.D. 2025-Jul-05 00:00:00.0000,  1.599013241590491E+08,  2.022977757478057E+07, -7.060854199071255E+07
2460862.500000000, A.D. 2025-Jul-06 00:00:00.0000,  1.604551715941671E+08,  2.222857211643821E+07, -7.152060979660480E+07
2460863.500000000, A.D. 2025-Jul-07 00:00:00.0000,  1.609806115906053E+08,  2.422330732256304E+07, -7.242006298257673E+07
2460864.500000000, A.D. 2025-Jul-08 00:00:00.0000,  1.614780772536896E+08,  2.621371279394126E+07, -7.330697849562013E+07
2460865.500000000, A.D. 2025-Jul-09 00:00:00.0000,  1.619479925461557E+08,  2.819952895863229E+07, -7.418143343583927E+07
2460866.500000000, A.D. 2025-Jul-10 00:00:00.0000,  1.623907725009218E+08,  3.018050656297646E+07, -7.504350496367669E+07
2460867.500000000, A.D. 2025-Jul-11 00:00:00.0000,  1.628068234314839E+08,  3.215640618853590E+07, -7.589327021520312E+07
2460868.500000000, A.D. 2025-Jul-12 00:00:00.0000,  1.631965431395951E+08,  3.412699779354073E+07, -7.673080622484283E+07
2460869.500000000, A.D. 2025-Jul-13 00:00:00.0000,  1.635603211199484E+08,  3.609206027749510E+07, -7.755618985495566E+07
2460870.500000000, A.D. 2025-Jul-14 00:00:00.0000,  1.638985387616256E+08,  3.805138106767279E+07, -7.836949773174138E+07
2460871.500000000, A.D. 2025-Jul-15 00:00:00.0000,  1.642115695461176E+08,  4.000475572630553E+07, -7.917080618697408E+07
2460872.500000000, A.D. 2025-Jul-16 00:00:00.0000,  1.644997792417605E+08,  4.195198757733494E+07, -7.996019120511243E+07
2460873.500000000, A.D. 2025-Jul-17 00:00:00.0000,  1.647635260944607E+08,  4.389288735166333E+07, -8.073772837536685E+07
2460874.500000000, A.D. 2025-Jul-18 00:00:00.0000,  1.650031610146130E+08,  4.582727284990039E+07, -8.150349284833702E+07
2460875.500000000, A.D. 2025-Jul-19 00:00:00.0000,  1.652190277601413E+08,  4.775496862165904E+07, -8.225755929686350E+07
2460876.500000000, A.D. 2025-Jul-20 00:00:00.0000,  1.654114631156120E+08,  4.967580566050845E+07, -8.300000188076387E+07
2460877.500000000, A.D. 2025-Jul-21 00:00:00.0000,  1.655807970673903E+08,  5.158962111374331E+07, -8.373089421515048E+07
2460878.500000000, A.D. 2025-Jul-22 00:00:00.0000,  1.657273529748271E+08,  5.349625800617568E+07, -8.445030934204835E+07
2460879.500000000, A.D. 2025-Jul-23 00:00:00.0000,  1.658514477374776E+08,  5.539556497720192E+07, -8.515831970505583E+07
2460880.500000000, A.D. 2025-Jul-24 00:00:00.0000,  1.659533919583672E+08,  5.728739603043896E+07, -8.585499712680772E+07
2460881.500000000, A.D. 2025-Jul-25 00:00:00.0000,  1.660334901033291E+08,  5.917161029526436E+07, -8.654041278902099E+07
2460882.500000000, A.D. 2025-Jul-26 00:00:00.0000,  1.660920406564499E+08,  6.104807179963283E+07, -8.721463721491906E+07
2460883.500000000, A.D. 2025-Jul-27 00:00:00.0000,  1.661293362716661E+08,  6.291664925357655E+07, -8.787774025384611E+07
2460884.500000000, A.D. 2025-Jul-28 00:00:00.0000,  1.661456639205617E+08,  6.477721584283049E+07, -8.852979106789771E+07
2460885.500000000, A.D. 2025-Jul-29 00:00:00.0000,  1.661413050364226E+08,  6.662964903205533E+07, -8.917085812040678E+07
2460886.500000000, A.D. 2025-Jul-30 00:00:00.0000,  1.661165356546099E+08,  6.847383037715997E+07, -8.980100916613647E+07
2460887.500000000, A.D. 2025-Jul-31 00:00:00.0000,  1.660716265493162E+08,  7.030964534625329E+07, -9.042031124304235E+07
2460888.500000000, A.D. 2025-Aug-01 00:00:00.0000,  1.660068433667737E+08,  7.213698314878178E+07, -9.102883066547725E+07
2460889.500000000, A.D. 2025-Aug-02 00:00:00.0000,  1.659224467549843E+08,  7.395573657243302E+07, -9.162663301872100E+07
2460890.500000000, A.D. 2025-Aug-03 00:00:00.0000,  1.658186924900467E+08,  7.576580182740915E+07, -9.221378315472670E+07
2460891.500000000, A.D. 2025-Aug-04 00:00:00.0000,  1.656958315991517E+08,  7.756707839769655E+07, -9.279034518898325E+07
2460892.500000000, A.D. 2025-Aug-05 00:00:00.0000,  1.655541104803257E+08,  7.935946889897716E+07, -9.335638249840081E+07
2460893.500000000, A.D. 2025-Aug-06 00:00:00.0000,  1.653937710189947E+08,  8.114287894284746E+07, -9.391195772013405E+07
2460894.500000000, A.D. 2025-Aug-07 00:00:00.0000,  1.652150507014484E+08,  8.291721700702897E+07, -9.445713275126287E+07
2460895.500000000, A.D. 2025-Aug-08 00:00:00.0000,  1.650181827252794E+08,  8.468239431127158E+07, -9.499196874925822E+07
2460896.500000000, A.D. 2025-Aug-09 00:00:00.0000,  1.648033961068752E+08,  8.643832469866598E+07, -9.551652613316382E+07
2460897.500000000, A.D. 2025-Aug-10 00:00:00.0000,  1.645709157860384E+08,  8.818492452209854E+07, -9.603086458543211E+07
2460898.500000000, A.D. 2025-Aug-11 00:00:00.0000,  1.643209627278113E+08,  8.992211253559470E+07, -9.653504305435538E+07
2460899.500000000, A.D. 2025-Aug-12 00:00:00.0000,  1.640537540215782E+08,  9.164980979031166E+07, -9.702911975703889E+07
2460900.500000000, A.D. 2025-Aug-13 00:00:00.0000,  1.637695029775217E+08,  9.336793953495254E+07, -9.751315218286610E+07
2460901.500000000, A.D. 2025-Aug-14 00:00:00.0000,  1.634684192205019E+08,  9.507642712038831E+07, -9.798719709740941E+07
2460902.500000000, A.D. 2025-Aug-15 00:00:00.0000,  1.631507087814344E+08,  9.677519990828227E+07, -9.845131054674497E+07
2460903.500000000, A.D. 2025-Aug-16 00:00:00.0000,  1.628165741862331E+08,  9.846418718352452E+07, -9.890554786213070E+07
2460904.500000000, A.D. 2025-Aug-17 00:00:00.0000,  1.624662145423900E+08,  1.001433200702950E+08, -9.934996366501272E+07
2460905.500000000, A.D. 2025-Aug-18 00:00:00.0000,  1.620998256232575E+08,  1.018125314515789E+08, -9.978461187232526E+07
2460906.500000000, A.D. 2025-Aug-19 00:00:00.0000,  1.617175999500974E+08,  1.034717558919737E+08, -1.002095457020505E+08
2460907.500000000, A.D. 2025-Aug-20 00:00:00.0000,  1.613197268719703E+08,  1.051209295636262E+08, -1.006248176790184E+08
2460908.500000000, A.D. 2025-Aug-21 00:00:00.0000,  1.609063926435136E+08,  1.067599901751587E+08, -1.010304796409070E+08
2460909.500000000, A.D. 2025-Aug-22 00:00:00.0000,  1.604777805006806E+08,  1.083888769034443E+08, -1.014265827444295E+08
2460910.500000000, A.D. 2025-Aug-23 00:00:00.0000,  1.600340707345016E+08,  1.100075303280829E+08, -1.018131774716782E+08
2460911.500000000, A.D. 2025-Aug-24 00:00:00.0000,  1.595754407629170E+08,  1.116158923684770E+08, -1.021903136366116E+08
2460912.500000000, A.D. 2025-Aug-25 00:00:00.0000,  1.591020652007471E+08,  1.132139062233673E+08, -1.025580403916588E+08
2460913.500000000, A.D. 2025-Aug-26 00:00:00.0000,  1.586141159278542E+08,  1.148015163127251E+08, -1.029164062344328E+08
2460914.500000000, A.D. 2025-Aug-27 00:00:00.0000,  1.581117621555423E+08,  1.163786682218809E+08, -1.032654590145165E+08
2460915.500000000, A.D. 2025-Aug-28 00:00:00.0000,  1.575951704912645E+08,  1.179453086478042E+08, -1.036052459403393E+08
2460916.500000000, A.D. 2025-Aug-29 00:00:00.0000,  1.570645050016722E+08,  1.195013853474218E+08, -1.039358135861002E+08
2460917.500000000, A.D. 2025-Aug-30 00:00:00.0000,  1.565199272740671E+08,  1.210468470878867E+08, -1.042572078987411E+08
2460918.500000000, A.D. 2025-Aug-31 00:00:00.0000,  1.559615964763010E+08,  1.225816435987092E+08, -1.045694742049544E+08
2460919.500000000, A.D. 2025-Sep-01 00:00:00.0000,  1.553896694151709E+08,  1.241057255256643E+08, -1.048726572182141E+08
2460920.500000000, A.D. 2025-Sep-02 00:00:00.0000,  1.548043005933564E+08,  1.256190443863966E+08, -1.051668010458218E+08
2460921.500000000, A.D. 2025-Sep-03 00:00:00.0000,  1.542056422649432E+08,  1.271215525276443E+08, -1.054519491959573E+08
2460922.500000000, A.D. 2025-Sep-04 00:00:00.0000,  1.535938444895765E+08,  1.286132030840119E+08, -1.057281445847268E+08
2460923.500000000, A.D. 2025-Sep-05 00:00:00.0000,  1.529690551852859E+08,  1.300939499382196E+08, -1.059954295432001E+08
2460924.500000000, A.D. 2025-Sep-06 00:00:00.0000,  1.523314201800234E+08,  1.315637476827662E+08, -1.062538458244304E+08
2460925.500000000, A.D. 2025-Sep-07 00:00:00.0000,  1.516810832619542E+08,  1.330225515829394E+08, -1.065034346104512E+08
2460926.500000000, A.D. 2025-Sep-08 00:00:00.0000,  1.510181862285373E+08,  1.344703175411167E+08, -1.067442365192429E+08
2460927.500000000, A.D. 2025-Sep-09 00:00:00.0000,  1.503428689344362E+08,  1.359070020622977E+08, -1.069762916116660E+08
2460928.500000000, A.D. 2025-Sep-10 00:00:00.0000,  1.496552693382934E+08,  1.373325622208132E+08, -1.071996393983546E+08
2460929.500000000, A.D. 2025-Sep-11 00:00:00.0000,  1.489555235484053E+08,  1.387469556281611E+08, -1.074143188465671E+08
2460930.500000000, A.D. 2025-Sep-12 00:00:00.0000,  1.482437658673320E+08,  1.401501404019169E+08, -1.076203683869903E+08
2460931.500000000, A.D. 2025-Sep-13 00:00:00.0000,  1.475201288354742E+08,  1.415420751356735E+08, -1.078178259204928E+08
2460932.500000000, A.D. 2025-Sep-14 00:00:00.0000,  1.467847432736509E+08,  1.429227188699634E+08, -1.080067288248260E+08
2460933.500000000, A.D. 2025-Sep-15 00:00:00.0000,  1.460377383247084E+08,  1.442920310641215E+08, -1.081871139612686E+08
2460934.500000000, A.D. 2025-Sep-16 00:00:00.0000,  1.452792414941912E+08,  1.456499715690461E+08, -1.083590176812137E+08
2460935.500000000, A.D. 2025-Sep-17 00:00:00.0000,  1.445093786901051E+08,  1.469965006008200E+08, -1.085224758326956E+08
2460936.500000000, A.D. 2025-Sep-18 00:00:00.0000,  1.437282742618005E+08,  1.483315787151521E+08, -1.086775237668552E+08
2460937.500000000, A.D. 2025-Sep-19 00:00:00.0000,  1.429360510380036E+08,  1.496551667826051E+08, -1.088241963443414E+08
2460938.500000000, A.D. 2025-Sep-20 00:00:00.0000,  1.421328303640246E+08,  1.509672259645740E+08, -1.089625279416489E+08
2460939.500000000, A.D. 2025-Sep-21 00:00:00.0000,  1.413187321381664E+08,  1.522677176899825E+08, -1.090925524573898E+08
2460940.500000000, A.D. 2025-Sep-22 00:00:00.0000,  1.404938748473619E+08,  1.535566036326660E+08, -1.092143033184993E+08
2460941.500000000, A.D. 2025-Sep-23 00:00:00.0000,  1.396583756020637E+08,  1.548338456894104E+08, -1.093278134863736E+08
2460942.500000000, A.D. 2025-Sep-24 00:00:00.0000,  1.388123501704102E+08,  1.560994059586183E+08, -1.094331154629410E+08
2460943.500000000, A.D. 2025-Sep-25 00:00:00.0000,  1.379559130116929E+08,  1.573532467195745E+08, -1.095302412966647E+08
2460944.500000000, A.D. 2025-Sep-26 00:00:00.0000,  1.370891773091458E+08,  1.585953304122844E+08, -1.096192225884778E+08
2460945.500000000, A.D. 2025-Sep-27 00:00:00.0000,  1.362122550020819E+08,  1.598256196178592E+08, -1.097000904976495E+08
2460946.500000000, A.D. 2025-Sep-28 00:00:00.0000,  1.353252568173954E+08,  1.610440770394248E+08, -1.097728757475842E+08
2460947.500000000, A.D. 2025-Sep-29 00:00:00.0000,  1.344282923004534E+08,  1.622506654835294E+08, -1.098376086315516E+08
2460948.500000000, A.D. 2025-Sep-30 00:00:00.0000,  1.335214698453962E+08,  1.634453478420284E+08, -1.098943190183503E+08
2460949.500000000, A.D. 2025-Oct-01 00:00:00.0000,  1.326048967248663E+08,  1.646280870744241E+08, -1.099430363579032E+08
2460950.500000000, A.D. 2025-Oct-02 00:00:00.0000,  1.316786791191861E+08,  1.657988461906405E+08, -1.099837896867871E+08
2460951.500000000, A.D. 2025-Oct-03 00:00:00.0000,  1.307429221450030E+08,  1.669575882342122E+08, -1.100166076336951E+08
2460952.500000000, A.D. 2025-Oct-04 00:00:00.0000,  1.297977298834205E+08,  1.681042762658694E+08, -1.100415184248347E+08
2460953.500000000, A.D. 2025-Oct-05 00:00:00.0000,  1.288432054076328E+08,  1.692388733474987E+08, -1.100585498892601E+08
2460954.500000000, A.D. 2025-Oct-06 00:00:00.0000,  1.278794508100819E+08,  1.703613425264647E+08, -1.100677294641410E+08
2460955.500000000, A.D. 2025-Oct-07 00:00:00.0000,  1.269065672291526E+08,  1.714716468202726E+08, -1.100690841999687E+08
2460956.500000000, A.D. 2025-Oct-08 00:00:00.0000,  1.259246548754236E+08,  1.725697492015577E+08, -1.100626407656989E+08
2460957.500000000, A.D. 2025-Oct-09 00:00:00.0000,  1.249338130574905E+08,  1.736556125833838E+08, -1.100484254538349E+08
2460958.500000000, A.D. 2025-Oct-10 00:00:00.0000,  1.239341402073766E+08,  1.747291998048375E+08, -1.100264641854486E+08
2460959.500000000, A.D. 2025-Oct-11 00:00:00.0000,  1.229257339055471E+08,  1.757904736169023E+08, -1.099967825151447E+08
2460960.500000000, A.D. 2025-Oct-12 00:00:00.0000,  1.219086909055433E+08,  1.768393966685981E+08, -1.099594056359652E+08
2460961.500000000, A.D. 2025-Oct-13 00:00:00.0000,  1.208831071582493E+08,  1.778759314933741E+08, -1.099143583842379E+08
2460962.500000000, A.D. 2025-Oct-14 00:00:00.0000,  1.198490778358081E+08,  1.789000404957402E+08, -1.098616652443693E+08
2460963.500000000, A.D. 2025-Oct-15 00:00:00.0000,  1.188066973552009E+08,  1.799116859381253E+08, -1.098013503535833E+08
2460964.500000000, A.D. 2025-Oct-16 00:00:00.0000,  1.177560594015024E+08,  1.809108299279490E+08, -1.097334375066061E+08
2460965.500000000, A.D. 2025-Oct-17 00:00:00.0000,  1.166972569508285E+08,  1.818974344048964E+08, -1.096579501603011E+08
2460966.500000000, A.D. 2025-Oct-18 00:00:00.0000,  1.156303822929868E+08,  1.828714611283840E+08, -1.095749114382514E+08
2460967.500000000, A.D. 2025-Oct-19 00:00:00.0000,  1.145555270538461E+08,  1.838328716652038E+08, -1.094843441352952E+08
2460968.500000000, A.D. 2025-Oct-20 00:00:00.0000,  1.134727822174362E+08,  1.847816273773381E+08, -1.093862707220130E+08
2460969.500000000, A.D. 2025-Oct-21 00:00:00.0000,  1.123822381477914E+08,  1.857176894099315E+08, -1.092807133491680E+08
2460970.500000000, A.D. 2025-Oct-22 00:00:00.0000,  1.112839846105505E+08,  1.866410186794117E+08, -1.091676938521039E+08
2460971.500000000, A.D. 2025-Oct-23 00:00:00.0000,  1.101781107943259E+08,  1.875515758617494E+08, -1.090472337550977E+08
2460972.500000000, A.D. 2025-Oct-24 00:00:00.0000,  1.090647053318530E+08,  1.884493213808462E+08, -1.089193542756721E+08
2460973.500000000, A.D. 2025-Oct-25 00:00:00.0000,  1.079438563209342E+08,  1.893342153970432E+08, -1.087840763288679E+08
2460974.500000000, A.D. 2025-Oct-26 00:00:00.0000,  1.068156513451866E+08,  1.902062177957403E+08, -1.086414205314783E+08
2460975.500000000, A.D. 2025-Oct-27 00:00:00.0000,  1.056801774946083E+08,  1.910652881761170E+08, -1.084914072062458E+08
2460976.500000000, A.D. 2025-Oct-28 00:00:00.0000,  1.045375213859721E+08,  1.919113858399472E+08, -1.083340563860249E+08
2460977.500000000, A.D. 2025-Oct-29 00:00:00.0000,  1.033877691830604E+08,  1.927444697805000E+08, -1.081693878179115E+08
2460978.500000000, A.D. 2025-Oct-30 00:00:00.0000,  1.022310066167520E+08,  1.935644986715160E+08, -1.079974209673401E+08
2460979.500000000, A.D. 2025-Oct-31 00:00:00.0000,  1.010673190049708E+08,  1.943714308562548E+08, -1.078181750221520E+08
2460980.500000000, A.D. 2025-Nov-01 00:00:00.0000,  9.989679127251045E+07,  1.951652243366032E+08, -1.076316688966349E+08
2460981.500000000, A.D. 2025-Nov-02 00:00:00.0000,  9.871950797074379E+07,  1.959458367622378E+08, -1.074379212355368E+08
2460982.500000000, A.D. 2025-Nov-03 00:00:00.0000,  9.753555329722892E+07,  1.967132254198348E+08, -1.072369504180550E+08
2460983.500000000, A.D. 2025-Nov-04 00:00:00.0000,  9.634501111522342E+07,  1.974673472223187E+08, -1.070287745618033E+08
2460984.500000000, A.D. 2025-Nov-05 00:00:00.0000,  9.514796497311726E+07,  1.982081586981450E+08, -1.068134115267581E+08
2460985.500000000, A.D. 2025-Nov-06 00:00:00.0000,  9.394449812379554E+07,  1.989356159806074E+08, -1.065908789191864E+08
2460986.500000000, A.D. 2025-Nov-07 00:00:00.0000,  9.273469354394180E+07,  1.996496747971655E+08, -1.063611940955573E+08
2460987.500000000, A.D. 2025-Nov-08 00:00:00.0000,  9.151863395329344E+07,  2.003502904587839E+08, -1.061243741664383E+08
2460988.500000000, A.D. 2025-Nov-09 00:00:00.0000,  9.029640183385955E+07,  2.010374178492776E+08, -1.058804360003802E+08
2460989.500000000, A.D. 2025-Nov-10 00:00:00.0000,  8.906807944911253E+07,  2.017110114146581E+08, -1.056293962277908E+08
2460990.500000000, A.D. 2025-Nov-11 00:00:00.0000,  8.783374886316437E+07,  2.023710251524718E+08, -1.053712712448016E+08
2460991.500000000, A.D. 2025-Nov-12 00:00:00.0000,  8.659349195993876E+07,  2.030174126011261E+08, -1.051060772171276E+08
2460992.500000000, A.D. 2025-Nov-13 00:00:00.0000,  8.534739046234985E+07,  2.036501268291971E+08, -1.048338300839244E+08
2460993.500000000, A.D. 2025-Nov-14 00:00:00.0000,  8.409552595149907E+07,  2.042691204247120E+08, -1.045545455616435E+08
2460994.500000000, A.D. 2025-Nov-15 00:00:00.0000,  8.283797988590142E+07,  2.048743454844017E+08, -1.042682391478894E+08
2460995.500000000, A.D. 2025-Nov-16 00:00:00.0000,  8.157483362075192E+07,  2.054657536029159E+08, -1.039749261252800E+08
2460996.500000000, A.D. 2025-Nov-17 00:00:00.0000,  8.030616842724437E+07,  2.060432958619967E+08, -1.036746215653130E+08
2460997.500000000, A.D. 2025-Nov-18 00:00:00.0000,  7.903206551195416E+07,  2.066069228196038E+08, -1.033673403322420E+08
2460998.500000000, A.D. 2025-Nov-19 00:00:00.0000,  7.775260603629462E+07,  2.071565844989860E+08, -1.030530970869613E+08
2460999.500000000, A.D. 2025-Nov-20 00:00:00.0000,  7.646787113606225E+07,  2.076922303776932E+08, -1.027319062909077E+08
2461000.500000000, A.D. 2025-Nov-21 00:00:00.0000,  7.517794194108024E+07,  2.082138093765225E+08, -1.024037822099759E+08
2461001.500000000, A.D. 2025-Nov-22 00:00:00.0000,  7.388289959495115E+07,  2.087212698483953E+08, -1.020687389184546E+08
2461002.500000000, A.D. 2025-Nov-23 00:00:00.0000,  7.258282527493446E+07,  2.092145595671566E+08, -1.017267903029837E+08
2461003.500000000, A.D. 2025-Nov-24 00:00:00.0000,  7.127780021195833E+07,  2.096936257162908E+08, -1.013779500665342E+08
2461004.500000000, A.D. 2025-Nov-25 00:00:00.0000,  6.996790571077779E+07,  2.101584148775572E+08, -1.010222317324219E+08
2461005.500000000, A.D. 2025-Nov-26 00:00:00.0000,  6.865322317029396E+07,  2.106088730195243E+08, -1.006596486483437E+08
2461006.500000000, A.D. 2025-Nov-27 00:00:00.0000,  6.733383410404564E+07,  2.110449454860125E+08, -1.002902139904531E+08
2461007.500000000, A.D. 2025-Nov-28 00:00:00.0000,  6.600982016088683E+07,  2.114665769844320E+08, -9.991394076747291E+07
2461008.500000000, A.D. 2025-Nov-29 00:00:00.0000,  6.468126314586348E+07,  2.118737115740132E+08, -9.953084182484724E+07
2461009.500000000, A.D. 2025-Nov-30 00:00:00.0000,  6.334824504130346E+07,  2.122662926539243E+08, -9.914092984894004E+07
2461010.500000000, A.D. 2025-Dec-01 00:00:00.0000,  6.201084802813362E+07,  2.126442629512706E+08, -9.874421737128150E+07
2461011.500000000, A.D. 2025-Dec-02 00:00:00.0000,  6.066915450743861E+07,  2.130075645089697E+08, -9.834071677286728E+07
2461012.500000000, A.D. 2025-Dec-03 00:00:00.0000,  5.932324712227596E+07,  2.133561386734999E+08, -9.793044028851426E+07
2461013.500000000, A.D. 2025-Dec-04 00:00:00.0000,  5.797320877976251E+07,  2.136899260825130E+08, -9.751340001127674E+07
2461014.500000000, A.D. 2025-Dec-05 00:00:00.0000,  5.661912267344780E+07,  2.140088666523093E+08, -9.708960789692780E+07
2461015.500000000, A.D. 2025-Dec-06 00:00:00.0000,  5.526107230598962E+07,  2.143128995651676E+08, -9.665907576850949E+07
2461016.500000000, A.D. 2025-Dec-07 00:00:00.0000,  5.389914151214862E+07,  2.146019632565260E+08, -9.622181532095672E+07
2461017.500000000, A.D. 2025-Dec-08 00:00:00.0000,  5.253341448211777E+07,  2.148759954020081E+08, -9.577783812579927E+07
2461018.500000000, A.D. 2025-Dec-09 00:00:00.0000,  5.116397578520355E+07,  2.151349329042890E+08, -9.532715563594724E+07
2461019.500000000, A.D. 2025-Dec-10 00:00:00.0000,  4.979091039387745E+07,  2.153787118797966E+08, -9.486977919056396E+07
2461020.500000000, A.D. 2025-Dec-11 00:00:00.0000,  4.841430370821388E+07,  2.156072676452416E+08, -9.440572002003254E+07
2461021.500000000, A.D. 2025-Dec-12 00:00:00.0000,  4.703424158073375E+07,  2.158205347039737E+08, -9.393498925102124E+07
2461022.500000000, A.D. 2025-Dec-13 00:00:00.0000,  4.565081034167343E+07,  2.160184467321552E+08, -9.345759791165225E+07
2461023.500000000, A.D. 2025-Dec-14 00:00:00.0000,  4.426409682469662E+07,  2.162009365647503E+08, -9.297355693678181E+07
2461024.500000000, A.D. 2025-Dec-15 00:00:00.0000,  4.287418839307079E+07,  2.163679361813228E+08, -9.248287717339586E+07
2461025.500000000, A.D. 2025-Dec-16 00:00:00.0000,  4.148117296632832E+07,  2.165193766916381E+08, -9.198556938612816E+07
2461026.500000000, A.D. 2025-Dec-17 00:00:00.0000,  4.008513904743306E+07,  2.166551883210630E+08, -9.148164426290821E+07
2461027.500000000, A.D. 2025-Dec-18 00:00:00.0000,  3.868617575047573E+07,  2.167753003957610E+08, -9.097111242074487E+07
2461028.500000000, A.D. 2025-Dec-19 00:00:00.0000,  3.728437282891914E+07,  2.168796413276749E+08, -9.045398441165359E+07
2461029.500000000, A.D. 2025-Dec-20 00:00:00.0000,  3.587982070441728E+07,  2.169681385992932E+08, -8.993027072873391E+07
2461030.500000000, A.D. 2025-Dec-21 00:00:00.0000,  3.447261049623415E+07,  2.170407187481961E+08, -8.939998181240676E+07
2461031.500000000, A.D. 2025-Dec-22 00:00:00.0000,  3.306283405128407E+07,  2.170973073513738E+08, -8.886312805681732E+07
2461032.500000000, A.D. 2025-Dec-23 00:00:00.0000,  3.165058397482216E+07,  2.171378290093144E+08, -8.831971981641392E+07
2461033.500000000, A.D. 2025-Dec-24 00:00:00.0000,  3.023595366181065E+07,  2.171622073298556E+08, -8.776976741271120E+07
2461034.500000000, A.D. 2025-Dec-25 00:00:00.0000,  2.881903732898886E+07,  2.171703649117952E+08, -8.721328114124653E+07
2461035.500000000, A.D. 2025-Dec-26 00:00:00.0000,  2.739993004767537E+07,  2.171622233282554E+08, -8.665027127873984E+07
2461036.500000000, A.D. 2025-Dec-27 00:00:00.0000,  2.597872777733272E+07,  2.171377031097981E+08, -8.608074809046707E+07
2461037.500000000, A.D. 2025-Dec-28 00:00:00.0000,  2.455552739992469E+07,  2.170967237272833E+08, -8.550472183785708E+07
2461038.500000000, A.D. 2025-Dec-29 00:00:00.0000,  2.313042675509867E+07,  2.170392035744697E+08, -8.492220278632414E+07
2461039.500000000, A.D. 2025-Dec-30 00:00:00.0000,  2.170352467622602E+07,  2.169650599503497E+08, -8.433320121334678E+07
2461040.500000000, A.D. 2025-Dec-31 00:00:00.0000,  2.027492102733476E+07,  2.168742090412174E+08, -8.373772741680543E+07
2461041.500000000, A.D. 2026-Jan-01 00:00:00.0000,  1.884471674097048E+07,  2.167665659024638E+08, -8.313579172359169E+07
2461042.500000000, A.D. 2026-Jan-02 00:00:00.0000,  1.741301385702208E+07,  2.166420444400952E+08, -8.252740449850202E+07
2461043.500000000, A.D. 2026-Jan-03 00:00:00.0000,  1.597991556255123E+07,  2.165005573919725E+08, -8.191257615343019E+07
2461044.500000000, A.D. 2026-Jan-04 00:00:00.0000,  1.454552623266509E+07,  2.163420163087652E+08, -8.129131715687266E+07
2461045.500000000, A.D. 2026-Jan-05 00:00:00.0000,  1.310995147247405E+07,  2.161663315346193E+08, -8.066363804376242E+07
2461046.500000000, A.D. 2026-Jan-06 00:00:00.0000,  1.167329816017735E+07,  2.159734121875343E+08, -8.002954942564696E+07
2461047.500000000, A.D. 2026-Jan-07 00:00:00.0000,  1.023567449132147E+07,  2.157631661394472E+08, -7.938906200122732E+07
2461048.500000000, A.D. 2026-Jan-08 00:00:00.0000,  8.797190024278181E+06,  2.155354999960200E+08, -7.874218656727524E+07
2461049.500000000, A.D. 2026-Jan-09 00:00:00.0000,  7.357955726990093E+06,  2.152903190761293E+08, -7.808893402994749E+07
2461050.500000000, A.D. 2026-Jan-10 00:00:00.0000,  5.918084025034600E+06,  2.150275273910557E+08, -7.742931541651598E+07
2461051.500000000, A.D. 2026-Jan-11 00:00:00.0000,  4.477688851058576E+06,  2.147470276233715E+08, -7.676334188753401E+07
2461052.500000000, A.D. 2026-Jan-12 00:00:00.0000,  3.036885695638314E+06,  2.144487211055252E+08, -7.609102474946003E+07
2461053.500000000, A.D. 2026-Jan-13 00:00:00.0000,  1.595791659621653E+06,  2.141325077981228E+08, -7.541237546776065E+07
2461054.500000000, A.D. 2026-Jan-14 00:00:00.0000,  1.545255080114354E+05,  2.137982862679051E+08, -7.472740568051708E+07
2461055.500000000, A.D. 2026-Jan-15 00:00:00.0000, -1.286792274548023E+06,  2.134459536654226E+08, -7.403612721255828E+07
2461056.500000000, A.D. 2026-Jan-16 00:00:00.0000, -2.728039426617194E+06,  2.130754057024067E+08, -7.333855209014755E+07
2461057.500000000, A.D. 2026-Jan-17 00:00:00.0000, -4.169091851073355E+06,  2.126865366288426E+08, -7.263469255624925E+07
2461058.500000000, A.D. 2026-Jan-18 00:00:00.0000, -5.609823554418650E+06,  2.122792392097426E+08, -7.192456108640365E+07
2461059.500000000, A.D. 2026-Jan-19 00:00:00.0000, -7.050106584211365E+06,  2.118534047016255E+08, -7.120817040524109E+07
2461060.500000000, A.D. 2026-Jan-20 00:00:00.0000, -8.489810964544654E+06,  2.114089228287066E+08, -7.048553350366428E+07
2461061.500000000, A.D. 2026-Jan-21 00:00:00.0000, -9.928804629493400E+06,  2.109456817588009E+08, -6.975666365673503E+07
2461062.500000000, A.D. 2026-Jan-22 00:00:00.0000, -1.136695335444687E+07,  2.104635680789492E+08, -6.902157444229737E+07
2461063.500000000, A.D. 2026-Jan-23 00:00:00.0000, -1.280412068524068E+07,  2.099624667707722E+08, -6.828027976037556E+07
2461064.500000000, A.D. 2026-Jan-24 00:00:00.0000, -1.424016786499862E+07,  2.094422611855621E+08, -6.753279385338418E+07
2461065.500000000, A.D. 2026-Jan-25 00:00:00.0000, -1.567495375859000E+07,  2.089028330191221E+08, -6.677913132719148E+07
2461066.500000000, A.D. 2026-Jan-26 00:00:00.0000, -1.710833477460486E+07,  2.083440622863652E+08, -6.601930717307869E+07
2461067.500000000, A.D. 2026-Jan-27 00:00:00.0000, -1.854016478474440E+07,  2.077658272956856E+08, -6.525333679064012E+07
2461068.500000000, A.D. 2026-Jan-28 00:00:00.0000, -1.997029504052002E+07,  2.071680046231179E+08, -6.448123601167127E+07
2461069.500000000, A.D. 2026-Jan-29 00:00:00.0000, -2.139857408714898E+07,  2.065504690863009E+08, -6.370302112509564E+07
2461070.500000000, A.D. 2026-Jan-30 00:00:00.0000, -2.282484767453022E+07,  2.059130937182669E+08, -6.291870890298196E+07
2461071.500000000, A.D. 2026-Jan-31 00:00:00.0000, -2.424895866517816E+07,  2.052557497410749E+08, -6.212831662770839E+07
2461072.500000000, A.D. 2026-Feb-01 00:00:00.0000, -2.567074693898718E+07,  2.045783065393148E+08, -6.133186212033142E+07
2461073.500000000, A.D. 2026-Feb-02 00:00:00.0000, -2.709004929469328E+07,  2.038806316335084E+08, -6.052936377022238E+07
2461074.500000000, A.D. 2026-Feb-03 00:00:00.0000, -2.850669934789373E+07,  2.031625906534362E+08, -5.972084056603587E+07
2461075.500000000, A.D. 2026-Feb-04 00:00:00.0000, -2.992052742547883E+07,  2.024240473114249E+08, -5.890631212807994E+07
2461076.500000000, A.D. 2026-Feb-05 00:00:00.0000, -3.133136045632344E+07,  2.016648633756303E+08, -5.808579874216013E+07
2461077.500000000, A.D. 2026-Feb-06 00:00:00.0000, -3.273902185807870E+07,  2.008848986433581E+08, -5.725932139497523E+07
2461078.500000000, A.D. 2026-Feb-07 00:00:00.0000, -3.414333141989715E+07,  2.000840109144659E+08, -5.642690181114507E+07
2461079.500000000, A.D. 2026-Feb-08 00:00:00.0000, -3.554410518091670E+07,  1.992620559648960E+08, -5.558856249195740E+07
2461080.500000000, A.D. 2026-Feb-09 00:00:00.0000, -3.694115530432070E+07,  1.984188875203940E+08, -5.474432675592390E+07
2461081.500000000, A.D. 2026-Feb-10 00:00:00.0000, -3.833428994678317E+07,  1.975543572304717E+08, -5.389421878124163E+07
2461082.500000000, A.D. 2026-Feb-11 00:00:00.0000, -3.972331312309831E+07,  1.966683146426810E+08, -5.303826365026250E+07
2461083.500000000, A.D. 2026-Feb-12 00:00:00.0000, -4.110802456578593E+07,  1.957606071772698E+08, -5.217648739607692E+07
2461084.500000000, A.D. 2026-Feb-13 00:00:00.0000, -4.248821957945260E+07,  1.948310801022994E+08, -5.130891705132730E+07
2461085.500000000, A.D. 2026-Feb-14 00:00:00.0000, -4.386368888967908E+07,  1.938795765093090E+08, -5.043558069936997E+07
2461086.500000000, A.D. 2026-Feb-15 00:00:00.0000, -4.523421848619386E+07,  1.929059372896238E+08, -4.955650752791569E+07
2461087.500000000, A.D. 2026-Feb-16 00:00:00.0000, -4.659958946008068E+07,  1.919100011114072E+08, -4.867172788528209E+07
2461088.500000000, A.D. 2026-Feb-17 00:00:00.0000, -4.795957783475633E+07,  1.908916043975742E+08, -4.778127333940263E+07
2461089.500000000, A.D. 2026-Feb-18 00:00:00.0000, -4.931395439044255E+07,  1.898505813046862E+08, -4.688517673974343E+07
2461090.500000000, A.D. 2026-Feb-19 00:00:00.0000, -5.066248448184285E+07,  1.887867637029645E+08, -4.598347228228937E+07
2461091.500000000, A.D. 2026-Feb-20 00:00:00.0000, -5.200492784871922E+07,  1.876999811575719E+08, -4.507619557777081E+07
2461092.500000000, A.D. 2026-Feb-21 00:00:00.0000, -5.334103841905659E+07,  1.865900609113163E+08, -4.416338372330901E+07
2461093.500000000, A.D. 2026-Feb-22 00:00:00.0000, -5.467056410447652E+07,  1.854568278689621E+08, -4.324507537767715E+07
2461094.500000000, A.D. 2026-Feb-23 00:00:00.0000, -5.599324658754301E+07,  1.843001045833308E+08, -4.232131084037307E+07
2461095.500000000, A.D. 2026-Feb-24 00:00:00.0000, -5.730882110063909E+07,  1.831197112434114E+08, -4.139213213473190E+07
2461096.500000000, A.D. 2026-Feb-25 00:00:00.0000, -5.861701619596428E+07,  1.819154656646921E+08, -4.045758309529049E+07
2461097.500000000, A.D. 2026-Feb-26 00:00:00.0000, -5.991755350631139E+07,  1.806871832819754E+08, -3.951770945966154E+07
2461098.500000000, A.D. 2026-Feb-27 00:00:00.0000, -6.121014749618265E+07,  1.794346771449435E+08, -3.857255896517120E+07
2461099.500000000, A.D. 2026-Feb-28 00:00:00.0000, -6.249450520281040E+07,  1.781577579167663E+08, -3.762218145053309E+07
2461100.500000000, A.D. 2026-Mar-01 00:00:00.0000, -6.377032596662747E+07,  1.768562338760773E+08, -3.666662896285295E+07
2461101.500000000, A.D. 2026-Mar-02 00:00:00.0000, -6.503730115071097E+07,  1.755299109226672E+08, -3.570595587027371E+07
2461102.500000000, A.D. 2026-Mar-03 00:00:00.0000, -6.629511384870055E+07,  1.741785925872812E+08, -3.474021898059202E+07
2461103.500000000, A.D. 2026-Mar-04 00:00:00.0000, -6.754343858066902E+07,  1.728020800459353E+08, -3.376947766619638E+07
2461104.500000000, A.D. 2026-Mar-05 00:00:00.0000, -6.878194097640204E+07,  1.714001721392089E+08, -3.279379399570040E+07
2461105.500000000, A.D. 2026-Mar-06 00:00:00.0000, -7.001027744551696E+07,  1.699726653970097E+08, -3.181323287266777E+07
2461106.500000000, A.D. 2026-Mar-07 00:00:00.0000, -7.122809483382837E+07,  1.685193540693510E+08, -3.082786218185075E+07
2461107.500000000, A.D. 2026-Mar-08 00:00:00.0000, -7.243503006534210E+07,  1.670400301637323E+08, -2.983775294339053E+07
2461108.500000000, A.D. 2026-Mar-09 00:00:00.0000, -7.363070976923236E+07,  1.655344834897639E+08, -2.884297947545682E+07
2461109.500000000, A.D. 2026-Mar-10 00:00:00.0000, -7.481474989113252E+07,  1.640025017117379E+08, -2.784361956583396E+07
2461110.500000000, A.D. 2026-Mar-11 00:00:00.0000, -7.598675528804171E+07,  1.624438704099053E+08, -2.683975465299327E+07
2461111.500000000, A.D. 2026-Mar-12 00:00:00.0000, -7.714631930612311E+07,  1.608583731512956E+08, -2.583147001722656E+07
2461112.500000000, A.D. 2026-Mar-13 00:00:00.0000, -7.829302334064259E+07,  1.592457915709806E+08, -2.481885498245122E+07
2461113.500000000, A.D. 2026-Mar-14 00:00:00.0000, -7.942643637726945E+07,  1.576059054647765E+08, -2.380200312933800E+07
2461114.500000000, A.D. 2026-Mar-15 00:00:00.0000, -8.054611451393449E+07,  1.559384928944584E+08, -2.278101252045255E+07
2461115.500000000, A.D. 2026-Mar-16 00:00:00.0000, -8.165160046241340E+07,  1.542433303066641E+08, -2.175598593814724E+07
2461116.500000000, A.D. 2026-Mar-17 00:00:00.0000, -8.274242302878019E+07,  1.525201926667712E+08, -2.072703113598578E+07
2461117.500000000, A.D. 2026-Mar-18 00:00:00.0000, -8.381809657184905E+07,  1.507688536091416E+08, -1.969426110453389E+07
2461118.500000000, A.D. 2026-Mar-19 00:00:00.0000, -8.487812043870284E+07,  1.489890856052629E+08, -1.865779435240095E+07
2461119.500000000, A.D. 2026-Mar-20 00:00:00.0000, -8.592197837638517E+07,  1.471806601514464E+08, -1.761775520347446E+07
2461120.500000000, A.D. 2026-Mar-21 00:00:00.0000, -8.694913791881664E+07,  1.453433479778980E+08, -1.657427411134754E+07
2461121.500000000, A.D. 2026-Mar-22 00:00:00.0000, -8.795904974798197E+07,  1.434769192811396E+08, -1.552748799200249E+07
2461122.500000000, A.D. 2026-Mar-23 00:00:00.0000, -8.895114702842698E+07,  1.415811439819411E+08, -1.447754057587925E+07
2461123.500000000, A.D. 2026-Mar-24 00:00:00.0000, -8.992484471409959E+07,  1.396557920111161E+08, -1.342458278052702E+07
2461124.500000000, A.D. 2026-Mar-25 00:00:00.0000, -9.087953882657437E+07,  1.377006336257514E+08, -1.236877310510973E+07
2461125.500000000, A.D. 2026-Mar-26 00:00:00.0000, -9.181460570371048E+07,  1.357154397586713E+08, -1.131027804811305E+07
2461126.500000000, A.D. 2026-Mar-27 00:00:00.0000, -9.272940121781486E+07,  1.336999824041927E+08, -1.024927254967978E+07
2461127.500000000, A.D. 2026-Mar-28 00:00:00.0000, -9.362325996241616E+07,  1.316540350435054E+08, -9.185940460084133E+06
2461128.500000000, A.D. 2026-Mar-29 00:00:00.0000, -9.449549440680051E+07,  1.295773731133099E+08, -8.120475035941154E+06
2461129.500000000, A.D. 2026-Mar-30 00:00:00.0000, -9.534539401752459E+07,  1.274697745216798E+08, -7.053079465837374E+06
2461130.500000000, A.D. 2026-Mar-31 00:00:00.0000, -9.617222434620336E+07,  1.253310202154662E+08, -5.983967427159585E+06
2461131.500000000, A.D. 2026-Apr-01 00:00:00.0000, -9.697522608297363E+07,  1.231608948039552E+08, -4.913363675992988E+06
2461132.500000000, A.D. 2026-Apr-02 00:00:00.0000, -9.775361407516740E+07,  1.209591872439109E+08, -3.841504672054462E+06
2461133.500000000, A.D. 2026-Apr-03 00:00:00.0000, -9.850657631088878E+07,  1.187256915915905E+08, -2.768639240721807E+06
2461134.500000000, A.D. 2026-Apr-04 00:00:00.0000, -9.923327286738625E+07,  1.164602078278209E+08, -1.695029274314970E+06
2461135.500000000, A.D. 2026-Apr-05 00:00:00.0000, -9.993283482435091E+07,  1.141625427627572E+08, -6.209504748769626E+05
2461136.500000000, A.D. 2026-Apr-06 00:00:00.0000, -1.006043631425574E+08,  1.118325110275290E+08,  4.533068592086807E+05
2461137.500000000, A.D. 2026-Apr-07 00:00:00.0000, -1.012469275086063E+08,  1.094699361606037E+08,  1.527437000344828E+06
2461138.500000000, A.D. 2026-Apr-08 00:00:00.0000, -1.018595651469338E+08,  1.070746517973727E+08,  2.601117910098754E+06
2461139.500000000, A.D. 2026-Apr-09 00:00:00.0000, -1.024412796007320E+08,  1.046465029721898E+08,  3.674010306275927E+06
2461140.500000000, A.D. 2026-Apr-10 00:00:00.0000, -1.029910394839924E+08,  1.021853475428661E+08,  4.745756676087610E+06
2461141.500000000, A.D. 2026-Apr-11 00:00:00.0000, -1.035077772075403E+08,  9.969105774845693E+07,  5.815980232783429E+06
2461142.500000000, A.D. 2026-Apr-12 00:00:00.0000, -1.039903876827101E+08,  9.716352191205430E+07,  6.884283813120589E+06
2461143.500000000, A.D. 2026-Apr-13 00:00:00.0000, -1.044377270072032E+08,  9.460264630123264E+07,  7.950248713071056E+06
2461144.500000000, A.D. 2026-Apr-14 00:00:00.0000, -1.048486111387251E+08,  9.200835715977803E+07,  9.013433459241726E+06
2461145.500000000, A.D. 2026-Apr-15 00:00:00.0000, -1.052218145632032E+08,  8.938060292536014E+07,  1.007337251360177E+07
2461146.500000000, A.D. 2026-Apr-16 00:00:00.0000, -1.055560689657893E+08,  8.671935664887235E+07,  1.112957490929340E+07
2461147.500000000, A.D. 2026-Apr-17 00:00:00.0000, -1.058500619144613E+08,  8.402461863226689E+07,  1.218152281555577E+07
2461148.500000000, A.D. 2026-Apr-18 00:00:00.0000, -1.061024355678870E+08,  8.129641930282888E+07,  1.322867003013362E+07
2461149.500000000, A.D. 2026-Apr-19 00:00:00.0000, -1.063117854213355E+08,  7.853482234295319E+07,  1.427044039798883E+07
2461150.500000000, A.D. 2026-Apr-20 00:00:00.0000, -1.064766591068345E+08,  7.573992809559113E+07,  1.530622615570512E+07
2461151.500000000, A.D. 2026-Apr-21 00:00:00.0000, -1.065955552665350E+08,  7.291187726658708E+07,  1.633538620169688E+07
2461152.500000000, A.D. 2026-Apr-22 00:00:00.0000, -1.066669225213610E+08,  7.005085494609837E+07,  1.735724429322793E+07
2461153.500000000, A.D. 2026-Apr-23 00:00:00.0000, -1.066891585605627E+08,  6.715709497213778E+07,  1.837108717234657E+07
2461154.500000000, A.D. 2026-Apr-24 00:00:00.0000, -1.066606093817690E+08,  6.423088465994041E+07,  1.937616262418409E+07
2461155.500000000, A.D. 2026-Apr-25 00:00:00.0000, -1.065795687156017E+08,  6.127256992127168E+07,  2.037167747268121E+07
2461156.500000000, A.D. 2026-Apr-26 00:00:00.0000, -1.064442776739009E+08,  5.828256079787058E+07,  2.135679552074713E+07
2461157.500000000, A.D. 2026-Apr-27 00:00:00.0000, -1.062529246661459E+08,  5.526133743287063E+07,  2.233063544416263E+07
2461158.500000000, A.D. 2026-Apr-28 00:00:00.0000, -1.060036456347718E+08,  5.220945650312813E+07,  2.329226865126706E+07
2461159.500000000, A.D. 2026-Apr-29 00:00:00.0000, -1.056945246667841E+08,  4.912755813378184E+07,  2.424071712367089E+07
2461160.500000000, A.D. 2026-Apr-30 00:00:00.0000, -1.053235950463589E+08,  4.601637331389017E+07,  2.517495125697067E+07
2461161.500000000, A.D. 2026-May-01 00:00:00.0000, -1.048888408209761E+08,  4.287673182845405E+07,  2.609388772476990E+07
2461162.500000000, A.D. 2026-May-02 00:00:00.0000, -1.043881989619866E+08,  3.970957071729836E+07,  2.699638739428604E+07
2461163.500000000, A.D. 2026-May-03 00:00:00.0000, -1.038195622093037E+08,  3.651594326490766E+07,  2.788125332750296E+07
2461164.500000000, A.D. 2026-May-04 00:00:00.0000, -1.031807826989702E+08,  3.329702851708880E+07,  2.874722890825809E+07
2461165.500000000, A.D. 2026-May-05 00:00:00.0000, -1.024696764814962E+08,  3.005414130995758E+07,  2.959299614286231E+07
2461166.500000000, A.D. 2026-May-06 00:00:00.0000, -1.016840290478193E+08,  2.678874278386621E+07,  3.041717418985499E+07
2461167.500000000, A.D. 2026-May-07 00:00:00.0000, -1.008216019881240E+08,  2.350245133915618E+07,  3.121831818326612E+07
2461168.500000000, A.D. 2026-May-08 00:00:00.0000, -9.988014091613097E+07,  2.019705397164810E+07,  3.199491842325198E+07
2461169.500000000, A.D. 2026-May-09 00:00:00.0000, -9.885738479718436E+07,  1.687451790326643E+07,  3.274540001804266E+07
2461170.500000000, A.D. 2026-May-10 00:00:00.0000, -9.775107682184319E+07,  1.353700239677348E+07,  3.346812307164458E+07
2461171.500000000, A.D. 2026-May-11 00:00:00.0000, -9.655897696677960E+07,  1.018687061309443E+07,  3.416138352236529E+07
2461172.500000000, A.D. 2026-May-12 00:00:00.0000, -9.527887638058373E+07,  6.826701335005631E+06,  3.482341474761927E+07
2461173.500000000, A.D. 2026-May-13 00:00:00.0000, -9.390861372234306E+07,  3.459300342138929E+06,  3.545239006011132E+07
2461174.500000000, A.D. 2026-May-14 00:00:00.0000, -9.244609356425849E+07,  8.771117965403758E+04,  3.604642622873289E+07
2461175.500000000, A.D. 2026-May-15 00:00:00.0000, -9.088930694461125E+07, -3.284774982779101E+06,  3.660358816353435E+07
2461176.500000000, A.D. 2026-May-16 00:00:00.0000, -8.923635412260064E+07, -6.654610752775338E+06,  3.712189490698117E+07
2461177.500000000, A.D. 2026-May-17 00:00:00.0000, -8.748546954046148E+07, -1.001798557703885E+07,  3.759932707222647E+07
2461178.500000000, A.D. 2026-May-18 00:00:00.0000, -8.563504893955052E+07, -1.337082090877019E+07,  3.803383586206464E+07
2461179.500000000, A.D. 2026-May-19 00:00:00.0000, -8.368367850481001E+07, -1.670876796798480E+07,  3.842335378819994E+07
2461180.500000000, A.D. 2026-May-20 00:00:00.0000, -8.163016582576872E+07, -2.002720861557080E+07,  3.876580718807935E+07
2461181.500000000, A.D. 2026-May-21 00:00:00.0000, -7.947357236242650E+07, -2.332125988301885E+07,  3.905913060449092E+07
2461182.500000000, A.D. 2026-May-22 00:00:00.0000, -7.721324699243924E+07, -2.658578270367221E+07,  3.930128305033645E+07
2461183.500000000, A.D. 2026-May-23 00:00:00.0000, -7.484886009477293E+07, -2.981539537294462E+07,  3.949026612676962E+07
2461184.500000000, A.D. 2026-May-24 00:00:00.0000, -7.238043749877785E+07, -3.300449221909654E+07,  3.962414389718124E+07
2461185.500000000, A.D. 2026-May-25 00:00:00.0000, -6.980839350250740E+07, -3.614726788814883E+07,  3.970106434307165E+07
2461186.500000000, A.D. 2026-May-26 00:00:00.0000, -6.713356204786238E+07, -3.923774753269017E+07,  3.971928214247913E+07
2461187.500000000, A.D. 2026-May-27 00:00:00.0000, -6.435722504209906E+07, -4.226982304277760E+07,  3.967718242034250E+07
2461188.500000000, A.D. 2026-May-28 00:00:00.0000, -6.148113674583443E+07, -4.523729526836018E+07,  3.957330502726322E+07
2461189.500000000, A.D. 2026-May-29 00:00:00.0000, -5.850754311774784E+07, -4.813392196035887E+07,  3.940636881414856E+07
2461190.500000000, A.D. 2026-May-30 00:00:00.0000, -5.543919502595274E+07, -5.095347090901873E+07,  3.917529529174194E+07
2461191.500000000, A.D. 2026-May-31 00:00:00.0000, -5.227935431395894E+07, -5.368977749460429E+07,  3.887923100329854E+07
2461192.500000000, A.D. 2026-Jun-01 00:00:00.0000, -4.903179185057971E+07, -5.633680560177521E+07,  3.851756790289685E+07
2461193.500000000, A.D. 2026-Jun-02 00:00:00.0000, -4.570077689902680E+07, -5.888871060279329E+07,  3.808996102762671E+07
2461194.500000000, A.D. 2026-Jun-03 00:00:00.0000, -4.229105740632877E+07, -6.133990290546138E+07,  3.759634278413615E+07
2461195.500000000, A.D. 2026-Jun-04 00:00:00.0000, -3.880783112975879E+07, -6.368511040859497E+07,  3.703693324134549E+07
2461196.500000000, A.D. 2026-Jun-05 00:00:00.0000, -3.525670786606109E+07, -6.591943812786779E+07,  3.641224593108964E+07
2461197.500000000, A.D. 2026-Jun-06 00:00:00.0000, -3.164366341098004E+07, -6.803842326063456E+07,  3.572308880313711E+07
2461198.500000000, A.D. 2026-Jun-07 00:00:00.0000, -2.797498622684728E+07, -7.003808405611955E+07,  3.497056015314774E+07
2461199.500000000, A.D. 2026-Jun-08 00:00:00.0000, -2.425721810986080E+07, -7.191496104590276E+07,  3.415603953140417E+07
2461200.500000000, A.D. 2026-Jun-09 00:00:00.0000, -2.049709040307443E+07, -7.366614945968130E+07,  3.328117383425113E+07
2461201.500000000, A.D. 2026-Jun-10 00:00:00.0000, -1.670145747724262E+07, -7.528932198618209E+07,  3.234785896591958E+07
2461202.500000000, A.D. 2026-Jun-11 00:00:00.0000, -1.287722928723958E+07, -7.678274141636842E+07,  3.135821762314383E+07
2461203.500000000, A.D. 2026-Jun-12 00:00:00.0000, -9.031304802300841E+06, -7.814526309973511E+07,  3.031457388790616E+07
2461204.500000000, A.D. 2026-Jun-13 00:00:00.0000, -5.170508007453511E+06, -7.937632752781478E+07,  2.921942540692628E+07
2461205.500000000, A.D. 2026-Jun-14 00:00:00.0000, -1.301527992295887E+06, -8.047594370733617E+07,  2.807541398595675E+07
2461206.500000000, A.D. 2026-Jun-15 00:00:00.0000,  2.569135601274211E+06, -8.144466427852887E+07,  2.688529543221012E+07
2461207.500000000, A.D. 2026-Jun-16 00:00:00.0000,  6.435220787999936E+06, -8.228355355766214E+07,  2.565190944256854E+07
2461208.500000000, A.D. 2026-Jun-17 00:00:00.0000,  1.029074442831548E+07, -8.299414982973599E+07,  2.437815026477347E+07
2461209.500000000, A.D. 2026-Jun-18 00:00:00.0000,  1.413003602825568E+07, -8.357842328676170E+07,  2.306693876170315E+07
2461210.500000000, A.D. 2026-Jun-19 00:00:00.0000,  1.794776406941556E+07, -8.403873100467178E+07,  2.172119639423250E+07
2461211.500000000, A.D. 2026-Jun-20 00:00:00.0000,  2.173895504341806E+07, -8.437777028751554E+07,  2.034382151512286E+07
2461212.500000000, A.D. 2026-Jun-21 00:00:00.0000,  2.549900557778229E+07, -8.459853159408239E+07,  1.893766824318284E+07
2461213.500000000, A.D. 2026-Jun-22 00:00:00.0000,  2.922368820469524E+07, -8.470425211357990E+07,  1.750552807044861E+07
2461214.500000000, A.D. 2026-Jun-23 00:00:00.0000,  3.290915144016721E+07, -8.469837088744822E+07,  1.605011425052249E+07
2461215.500000000, A.D. 2026-Jun-24 00:00:00.0000,  3.655191491100014E+07, -8.458448619650131E+07,  1.457404892685875E+07
2461216.500000000, A.D. 2026-Jun-25 00:00:00.0000,  4.014886029597462E+07, -8.436631575702389E+07,  1.307985288740575E+07
2461217.500000000, A.D. 2026-Jun-26 00:00:00.0000,  4.369721884224364E+07, -8.404766010448550E+07,  1.156993777687964E+07
2461218.500000000, A.D. 2026-Jun-27 00:00:00.0000,  4.719455618534523E+07, -8.363236939497986E+07,  1.004660055922123E+07
2461219.500000000, A.D. 2026-Jun-28 00:00:00.0000,  5.063875514872159E+07, -8.312431372587815E+07,  8.512019998854745E+06
2461220.500000000, A.D. 2026-Jun-29 00:00:00.0000,  5.402799713283225E+07, -8.252735697006370E+07,  6.968254918132734E+06
2461221.500000000, A.D. 2026-Jun-30 00:00:00.0000,  5.736074263069268E+07, -8.184533403247640E+07,  5.417243987517275E+06
2461222.500000000, A.D. 2026-Jul-01 00:00:00.0000,  6.063571133075749E+07, -8.108203137237680E+07,  3.860806812315434E+06
2461223.500000000, A.D. 2026-Jul-02 00:00:00.0000,  6.385186219324095E+07, -8.024117058780430E+07,  2.300646093008608E+06
2461224.500000000, A.D. 2026-Jul-03 00:00:00.0000,  6.700837381496946E+07, -7.932639482777047E+07,  7.383506534820311E+05
2461225.500000000, A.D. 2026-Jul-04 00:00:00.0000,  7.010462533254483E+07, -7.834125778025237E+07, -8.246008488411233E+05
2461226.500000000, A.D. 2026-Jul-05 00:00:00.0000,  7.314017805506065E+07, -7.728921497749464E+07, -2.386835696142633E+06
2461227.500000000, A.D. 2026-Jul-06 00:00:00.0000,  7.611475796636561E+07, -7.617361716213480E+07, -3.947082510898124E+06
2461228.500000000, A.D. 2026-Jul-07 00:00:00.0000,  7.902823919294727E+07, -7.499770546609792E+07, -5.504166408128656E+06
2461229.500000000, A.D. 2026-Jul-08 00:00:00.0000,  8.188062849664272E+07, -7.376460816723822E+07, -7.057004004164714E+06
2461230.500000000, A.D. 2026-Jul-09 00:00:00.0000,  8.467205082106356E+07, -7.247733880478661E+07, -8.604598369328924E+06
2461231.500000000, A.D. 2026-Jul-10 00:00:00.0000,  8.740273589622591E+07, -7.113879545254900E+07, -1.014603399611102E+07
2461232.500000000, A.D. 2026-Jul-11 00:00:00.0000,  9.007300588670854E+07, -6.975176096750119E+07, -1.168047184035451E+07
2461233.500000000, A.D. 2026-Jul-12 00:00:00.0000,  9.268326405401868E+07, -6.831890405018832E+07, -1.320714448068453E+07
2461234.500000000, A.D. 2026-Jul-13 00:00:00.0000,  9.523398439304873E+07, -6.684278097160646E+07, -1.472535143080461E+07
2461235.500000000, A.D. 2026-Jul-14 00:00:00.0000,  9.772570219491923E+07, -6.532583783863317E+07, -1.623445463026025E+07
2461236.500000000, A.D. 2026-Jul-15 00:00:00.0000,  1.001590054835543E+08, -6.377041328632500E+07, -1.773387413167221E+07
2461237.500000000, A.D. 2026-Jul-16 00:00:00.0000,  1.025345272705130E+08, -6.217874150036702E+07, -1.922308399613338E+07
2461238.500000000, A.D. 2026-Jul-17 00:00:00.0000,  1.048529385714642E+08, -6.055295548657118E+07, -2.070160840328906E+07
2461239.500000000, A.D. 2026-Jul-18 00:00:00.0000,  1.071149421278643E+08, -5.889509051656975E+07, -2.216901797843580E+07
2461240.500000000, A.D. 2026-Jul-19 00:00:00.0000,  1.093212667785626E+08, -5.720708768977046E+07, -2.362492633564169E+07
2461241.500000000, A.D. 2026-Jul-20 00:00:00.0000,  1.114726624279505E+08, -5.549079756129776E+07, -2.506898683328487E+07
2461242.500000000, A.D. 2026-Jul-21 00:00:00.0000,  1.135698955596794E+08, -5.374798379412016E+07, -2.650088953641314E+07
2461243.500000000, A.D. 2026-Jul-22 00:00:00.0000,  1.156137452477183E+08, -5.198032680095394E+07, -2.792035837884589E+07
2461244.500000000, A.D. 2026-Jul-23 00:00:00.0000,  1.176049996194749E+08, -5.018942734793466E+07, -2.932714851688003E+07
2461245.500000000, A.D. 2026-Jul-24 00:00:00.0000,  1.195444527287498E+08, -4.837681009756076E+07, -3.072104386575059E+07
2461246.500000000, A.D. 2026-Jul-25 00:00:00.0000,  1.214329017993546E+08, -4.654392707313293E+07, -3.210185480956338E+07
2461247.500000000, A.D. 2026-Jul-26 00:00:00.0000,  1.232711448032381E+08, -4.469216103093025E+07, -3.346941607521194E+07
2461248.500000000, A.D. 2026-Jul-27 00:00:00.0000,  1.250599783398788E+08, -4.282282872976455E+07, -3.482358476076115E+07
2461249.500000000, A.D. 2026-Jul-28 00:00:00.0000,  1.268001957865007E+08, -4.093718409041460E+07, -3.616423850888860E+07
2461250.500000000, A.D. 2026-Jul-29 00:00:00.0000,  1.284925856913066E+08, -3.903642123983367E+07, -3.749127381618917E+07
2461251.500000000, A.D. 2026-Jul-30 00:00:00.0000,  1.301379303844162E+08, -3.712167743700905E+07, -3.880460446943961E+07
2461252.500000000, A.D. 2026-Jul-31 00:00:00.0000,  1.317370047835091E+08, -3.519403587898838E+07, -4.010416010026787E+07
2461253.500000000, A.D. 2026-Aug-01 00:00:00.0000,  1.332905753733293E+08, -3.325452838692339E+07, -4.138988485005731E+07
2461254.500000000, A.D. 2026-Aug-02 00:00:00.0000,  1.347993993401927E+08, -3.130413797306220E+07, -4.266173613732475E+07
2461255.500000000, A.D. 2026-Aug-03 00:00:00.0000,  1.362642238444656E+08, -2.934380129048347E+07, -4.391968352023329E+07
2461256.500000000, A.D. 2026-Aug-04 00:00:00.0000,  1.376857854156600E+08, -2.737441096804469E+07, -4.516370764732490E+07
2461257.500000000, A.D. 2026-Aug-05 00:00:00.0000,  1.390648094563185E+08, -2.539681783354042E+07, -4.639379928997961E+07
2461258.500000000, A.D. 2026-Aug-06 00:00:00.0000,  1.404020098422557E+08, -2.341183302845998E+07, -4.760995845052075E+07
2461259.500000000, A.D. 2026-Aug-07 00:00:00.0000,  1.416980886079913E+08, -2.142023001801996E+07, -4.881219354028608E+07
2461260.500000000, A.D. 2026-Aug-08 00:00:00.0000,  1.429537357073582E+08, -1.942274650034245E+07, -5.000052062236978E+07
2461261.500000000, A.D. 2026-Aug-09 00:00:00.0000,  1.441696288403094E+08, -1.742008621877149E+07, -5.117496271410806E+07
2461262.500000000, A.D. 2026-Aug-10 00:00:00.0000,  1.453464333378888E+08, -1.541292068138267E+07, -5.233554914473091E+07
2461263.500000000, A.D. 2026-Aug-11 00:00:00.0000,  1.464848020981782E+08, -1.340189079175093E+07, -5.348231496393341E+07
2461264.500000000, A.D. 2026-Aug-12 00:00:00.0000,  1.475853755667994E+08, -1.138760839501580E+07, -5.461530039743051E+07
2461265.500000000, A.D. 2026-Aug-13 00:00:00.0000,  1.486487817562385E+08, -9.370657743223688E+06, -5.573455034585247E+07
2461266.500000000, A.D. 2026-Aug-14 00:00:00.0000,  1.496756362988807E+08, -7.351596883843260E+06, -5.684011392361109E+07
2461267.500000000, A.D. 2026-Aug-15 00:00:00.0000,  1.506665425291967E+08, -5.330958975247135E+06, -5.793204403462195E+07
2461268.500000000, A.D. 2026-Aug-16 00:00:00.0000,  1.516220915910279E+08, -3.309253532837078E+06, -5.901039698200644E+07
2461269.500000000, A.D. 2026-Aug-17 00:00:00.0000,  1.525428625663604E+08, -1.286967609362021E+06, -6.007523210911757E+07
2461270.500000000, A.D. 2026-Aug-18 00:00:00.0000,  1.534294226223842E+08,  7.354330871550441E+05, -6.112661146943977E+07
2461271.500000000, A.D. 2026-Aug-19 00:00:00.0000,  1.542823271739919E+08,  2.757503134604406E+06, -6.216459952310191E+07
2461272.500000000, A.D. 2026-Aug-20 00:00:00.0000,  1.551021200591959E+08,  4.778816393953893E+06, -6.318926285792030E+07
2461273.500000000, A.D. 2026-Aug-21 00:00:00.0000,  1.558893337252301E+08,  6.798965059394620E+06, -6.420066993305008E+07
2461274.500000000, A.D. 2026-Aug-22 00:00:00.0000,  1.566444894233620E+08,  8.817558758611832E+06, -6.519889084347484E+07
2461275.500000000, A.D. 2026-Aug-23 00:00:00.0000,  1.573680974106720E+08,  1.083422370046293E+07, -6.618399710370268E+07
2461276.500000000, A.D. 2026-Aug-24 00:00:00.0000,  1.580606571572621E+08,  1.284860186747907E+07, -6.715606144916573E+07
2461277.500000000, A.D. 2026-Aug-25 00:00:00.0000,  1.587226575575414E+08,  1.486035025073803E+07, -6.811515765393789E+07
2461278.500000000, A.D. 2026-Aug-26 00:00:00.0000,  1.593545771444009E+08,  1.686914012478301E+07, -6.906136036349478E+07
2461279.500000000, A.D. 2026-Aug-27 00:00:00.0000,  1.599568843052360E+08,  1.887465636038428E+07, -6.999474494134061E+07
2461280.500000000, A.D. 2026-Aug-28 00:00:00.0000,  1.605300374989061E+08,  2.087659677305860E+07, -7.091538732841882E+07
2461281.500000000, A.D. 2026-Aug-29 00:00:00.0000,  1.610744854728387E+08,  2.287467150537374E+07, -7.182336391430844E+07
2461282.500000000, A.D. 2026-Aug-30 00:00:00.0000,  1.615906674795870E+08,  2.486860244117361E+07, -7.271875141928735E+07
2461283.500000000, A.D. 2026-Aug-31 00:00:00.0000,  1.620790134922460E+08,  2.685812264996193E+07, -7.360162678641459E+07
2461284.500000000, A.D. 2026-Sep-01 00:00:00.0000,  1.625399444182099E+08,  2.884297585978090E+07, -7.447206708285175E+07
2461285.500000000, A.D. 2026-Sep-02 00:00:00.0000,  1.629738723108311E+08,  3.082291595701369E+07, -7.533014940970328E+07
2461286.500000000, A.D. 2026-Sep-03 00:00:00.0000,  1.633812005786040E+08,  3.279770651162847E+07, -7.617595081971289E+07
2461287.500000000, A.D. 2026-Sep-04 00:00:00.0000,  1.637623241915536E+08,  3.476712032646513E+07, -7.700954824220456E+07
2461288.500000000, A.D. 2026-Sep-05 00:00:00.0000,  1.641176298845617E+08,  3.673093900924529E+07, -7.783101841470425E+07
2461289.500000000, A.D. 2026-Sep-06 00:00:00.0000,  1.644474963574093E+08,  3.868895256606109E+07, -7.864043782072279E+07
2461290.500000000, A.D. 2026-Sep-07 00:00:00.0000,  1.647522944713499E+08,  4.064095901516921E+07, -7.943788263322036E+07
2461291.500000000, A.D. 2026-Sep-08 00:00:00.0000,  1.650323874420697E+08,  4.258676401998345E+07, -8.022342866331038E+07
2461292.500000000, A.D. 2026-Sep-09 00:00:00.0000,  1.652881310289169E+08,  4.452618054022266E+07, -8.099715131379470E+07
2461293.500000000, A.D. 2026-Sep-10 00:00:00.0000,  1.655198737203115E+08,  4.645902850022982E+07, -8.175912553715400E+07
2461294.500000000, A.D. 2026-Sep-11 00:00:00.0000,  1.657279569152725E+08,  4.838513447353517E+07, -8.250942579764570E+07
2461295.500000000, A.D. 2026-Sep-12 00:00:00.0000,  1.659127151010188E+08,  5.030433138278836E+07, -8.324812603718880E+07
2461296.500000000, A.D. 2026-Sep-13 00:00:00.0000,  1.660744760266180E+08,  5.221645821423514E+07, -8.397529964473970E+07
2461297.500000000, A.D. 2026-Sep-14 00:00:00.0000,  1.662135608726772E+08,  5.412135974596097E+07, -8.469101942888583E+07
2461298.500000000, A.D. 2026-Sep-15 00:00:00.0000,  1.663302844170790E+08,  5.601888628916788E+07, -8.539535759340438E+07
2461299.500000000, A.D. 2026-Sep-16 00:00:00.0000,  1.664249551967826E+08,  5.790889344179321E+07, -8.608838571555340E+07
2461300.500000000, A.D. 2026-Sep-17 00:00:00.0000,  1.664978756657160E+08,  5.979124185381748E+07, -8.677017472687986E+07
2461301.500000000, A.D. 2026-Sep-18 00:00:00.0000,  1.665493423488002E+08,  6.166579700364587E+07, -8.744079489634544E+07
2461302.500000000, A.D. 2026-Sep-19 00:00:00.0000,  1.665796459921466E+08,  6.353242898498267E+07, -8.810031581558704E+07
2461303.500000000, A.D. 2026-Sep-20 00:00:00.0000,  1.665890717094835E+08,  6.539101230365071E+07, -8.874880638614148E+07
2461304.500000000, A.D. 2026-Sep-21 00:00:00.0000,  1.665778991248654E+08,  6.724142568383774E+07, -8.938633480847746E+07
2461305.500000000, A.D. 2026-Sep-22 00:00:00.0000,  1.665464025117296E+08,  6.908355188328271E+07, -9.001296857269049E+07
2461306.500000000, A.D. 2026-Sep-23 00:00:00.0000,  1.664948509283651E+08,  7.091727751693951E+07, -9.062877445072559E+07
2461307.500000000, A.D. 2026-Sep-24 00:00:00.0000,  1.664235083498622E+08,  7.274249288868392E+07, -9.123381849000457E+07
2461308.500000000, A.D. 2026-Sep-25 00:00:00.0000,  1.663326337966147E+08,  7.455909183065151E+07, -9.182816600834322E+07
2461309.500000000, A.D. 2026-Sep-26 00:00:00.0000,  1.662224814594480E+08,  7.636697154981884E+07, -9.241188159005184E+07
2461310.500000000, A.D. 2026-Sep-27 00:00:00.0000,  1.660933008214479E+08,  7.816603248146015E+07, -9.298502908312181E+07
2461311.500000000, A.D. 2026-Sep-28 00:00:00.0000,  1.659453367765638E+08,  7.995617814913276E+07, -9.354767159740713E+07
2461312.500000000, A.D. 2026-Sep-29 00:00:00.0000,  1.657788297450665E+08,  8.173731503086306E+07, -9.409987150371739E+07
2461313.500000000, A.D. 2026-Sep-30 00:00:00.0000,  1.655940157859329E+08,  8.350935243122330E+07, -9.464169043374433E+07
2461314.500000000, A.D. 2026-Oct-01 00:00:00.0000,  1.653911267062359E+08,  8.527220235900503E+07, -9.517318928075051E+07
2461315.500000000, A.D. 2026-Oct-02 00:00:00.0000,  1.651703901676176E+08,  8.702577941021234E+07, -9.569442820095420E+07
2461316.500000000, A.D. 2026-Oct-03 00:00:00.0000,  1.649320297899164E+08,  8.877000065611178E+07, -9.620546661554806E+07
2461317.500000000, A.D. 2026-Oct-04 00:00:00.0000,  1.646762652520286E+08,  9.050478553609110E+07, -9.670636321329604E+07
2461318.500000000, A.D. 2026-Oct-05 00:00:00.0000,  1.644033123900757E+08,  9.223005575509012E+07, -9.719717595365553E+07
2461319.500000000, A.D. 2026-Oct-06 00:00:00.0000,  1.641133832929504E+08,  9.394573518538274E+07, -9.767796207037640E+07
2461320.500000000, A.D. 2026-Oct-07 00:00:00.0000,  1.638066863953146E+08,  9.565174977249736E+07, -9.814877807553172E+07
2461321.500000000, A.D. 2026-Oct-08 00:00:00.0000,  1.634834265681199E+08,  9.734802744507700E+07, -9.860967976393935E+07
2461322.500000000, A.D. 2026-Oct-09 00:00:00.0000,  1.631438052067207E+08,  9.903449802848867E+07, -9.906072221793573E+07
2461323.500000000, A.D. 2026-Oct-10 00:00:00.0000,  1.627880203166462E+08,  1.007110931620032E+08, -9.950195981246606E+07
2461324.500000000, A.D. 2026-Oct-11 00:00:00.0000,  1.624162665971023E+08,  1.023777462193743E+08, -9.993344622045875E+07
2461325.500000000, A.D. 2026-Oct-12 00:00:00.0000,  1.620287355222644E+08,  1.040343922326567E+08, -1.003552344184540E+08
2461326.500000000, A.D. 2026-Oct-13 00:00:00.0000,  1.616256154204283E+08,  1.056809678191088E+08, -1.007673766924574E+08
2461327.500000000, A.D. 2026-Oct-14 00:00:00.0000,  1.612070915510800E+08,  1.073174111110352E+08, -1.011699246439939E+08
2461328.500000000, A.D. 2026-Oct-15 00:00:00.0000,  1.607733461799485E+08,  1.089436616884311E+08, -1.015629291963384E+08
2461329.500000000, A.D. 2026-Oct-16 00:00:00.0000,  1.603245586520967E+08,  1.105596605142977E+08, -1.019464406008995E+08
2461330.500000000, A.D. 2026-Oct-17 00:00:00.0000,  1.598609054631114E+08,  1.121653498725041E+08, -1.023205084437383E+08
2461331.500000000, A.D. 2026-Oct-18 00:00:00.0000,  1.593825603284509E+08,  1.137606733080774E+08, -1.026851816522008E+08
2461332.500000000, A.D. 2026-Oct-19 00:00:00.0000,  1.588896942510005E+08,  1.153455755698093E+08, -1.030405085016500E+08
2461333.500000000, A.D. 2026-Oct-20 00:00:00.0000,  1.583824755868937E+08,  1.169200025550726E+08, -1.033865366222785E+08
2461334.500000000, A.D. 2026-Oct-21 00:00:00.0000,  1.578610701096502E+08,  1.184839012567456E+08, -1.037233130059894E+08
2461335.500000000, A.D. 2026-Oct-22 00:00:00.0000,  1.573256410726805E+08,  1.200372197121489E+08, -1.040508840133309E+08
2461336.500000000, A.D. 2026-Oct-23 00:00:00.0000,  1.567763492702092E+08,  1.215799069539025E+08, -1.043692953804722E+08
2461337.500000000, A.D. 2026-Oct-24 00:00:00.0000,  1.562133530966612E+08,  1.231119129626165E+08, -1.046785922262107E+08
2461338.500000000, A.D. 2026-Oct-25 00:00:00.0000,  1.556368086045626E+08,  1.246331886213310E+08, -1.049788190589981E+08
2461339.500000000, A.D. 2026-Oct-26 00:00:00.0000,  1.550468695609962E+08,  1.261436856716300E+08, -1.052700197839776E+08
2461340.500000000, A.D. 2026-Oct-27 00:00:00.0000,  1.544436875026610E+08,  1.276433566713485E+08, -1.055522377100228E+08
2461341.500000000, A.D. 2026-Oct-28 00:00:00.0000,  1.538274117895747E+08,  1.291321549538069E+08, -1.058255155567703E+08
2461342.500000000, A.D. 2026-Oct-29 00:00:00.0000,  1.531981896574629E+08,  1.306100345885009E+08, -1.060898954616390E+08
2461343.500000000, A.D. 2026-Oct-30 00:00:00.0000,  1.525561662688751E+08,  1.320769503431826E+08, -1.063454189868299E+08
2461344.500000000, A.D. 2026-Oct-31 00:00:00.0000,  1.519014847630666E+08,  1.335328576472726E+08, -1.065921271262990E+08
2461345.500000000, A.D. 2026-Nov-01 00:00:00.0000,  1.512342863046840E+08,  1.349777125565419E+08, -1.068300603126999E+08
2461346.500000000, A.D. 2026-Nov-02 00:00:00.0000,  1.505547101312930E+08,  1.364114717190085E+08, -1.070592584242901E+08
2461347.500000000, A.D. 2026-Nov-03 00:00:00.0000,  1.498628935997818E+08,  1.378340923419896E+08, -1.072797607917902E+08
2461348.500000000, A.D. 2026-Nov-04 00:00:00.0000,  1.491589722316777E+08,  1.392455321602759E+08, -1.074916062052132E+08
2461349.500000000, A.D. 2026-Nov-05 00:00:00.0000,  1.484430797574088E+08,  1.406457494053522E+08, -1.076948329206286E+08
2461350.500000000, A.D. 2026-Nov-06 00:00:00.0000,  1.477153481595445E+08,  1.420347027756399E+08, -1.078894786668845E+08
2461351.500000000, A.D. 2026-Nov-07 00:00:00.0000,  1.469759077150413E+08,  1.434123514077037E+08, -1.080755806522632E+08
2461352.500000000, A.D. 2026-Nov-08 00:00:00.0000,  1.462248870365451E+08,  1.447786548483937E+08, -1.082531755711053E+08
2461353.500000000, A.D. 2026-Nov-09 00:00:00.0000,  1.454624131127463E+08,  1.461335730278650E+08, -1.084222996103444E+08
2461354.500000000, A.D. 2026-Nov-10 00:00:00.0000,  1.446886113478436E+08,  1.474770662334526E+08, -1.085829884559974E+08
2461355.500000000, A.D. 2026-Nov-11 00:00:00.0000,  1.439036056001435E+08,  1.488090950843479E+08, -1.087352772995906E+08
2461356.500000000, A.D. 2026-Nov-12 00:00:00.0000,  1.431075182198069E+08,  1.501296205070601E+08, -1.088792008445205E+08
2461357.500000000, A.D. 2026-Nov-13 00:00:00.0000,  1.423004700857860E+08,  1.514386037116179E+08, -1.090147933123543E+08
2461358.500000000, A.D. 2026-Nov-14 00:00:00.0000,  1.414825806419672E+08,  1.527360061684687E+08, -1.091420884490535E+08
2461359.500000000, A.D. 2026-Nov-15 00:00:00.0000,  1.406539679325566E+08,  1.540217895860707E+08, -1.092611195311480E+08
2461360.500000000, A.D. 2026-Nov-16 00:00:00.0000,  1.398147486367184E+08,  1.552959158891231E+08, -1.093719193718313E+08
2461361.500000000, A.D. 2026-Nov-17 00:00:00.0000,  1.389650381025047E+08,  1.565583471974179E+08, -1.094745203269950E+08
2461362.500000000, A.D. 2026-Nov-18 00:00:00.0000,  1.381049503800901E+08,  1.578090458052830E+08, -1.095689543011938E+08
2461363.500000000, A.D. 2026-Nov-19 00:00:00.0000,  1.372345982543383E+08,  1.590479741615900E+08, -1.096552527535445E+08
2461364.500000000, A.D. 2026-Nov-20 00:00:00.0000,  1.363540932767216E+08,  1.602750948503022E+08, -1.097334467035561E+08
2461365.500000000, A.D. 2026-Nov-21 00:00:00.0000,  1.354635457966159E+08,  1.614903705715382E+08, -1.098035667368947E+08
2461366.500000000, A.D. 2026-Nov-22 00:00:00.0000,  1.345630649919898E+08,  1.626937641231269E+08, -1.098656430110791E+08
2461367.500000000, A.D. 2026-Nov-23 00:00:00.0000,  1.336527588995104E+08,  1.638852383826343E+08, -1.099197052611112E+08
2461368.500000000, A.D. 2026-Nov-24 00:00:00.0000,  1.327327344440847E+08,  1.650647562898375E+08, -1.099657828050388E+08
2461369.500000000, A.D. 2026-Nov-25 00:00:00.0000,  1.318030974678558E+08,  1.662322808296277E+08, -1.100039045494532E+08
2461370.500000000, A.D. 2026-Nov-26 00:00:00.0000,  1.308639527586728E+08,  1.673877750153213E+08, -1.100340989949208E+08
2461371.500000000, A.D. 2026-Nov-27 00:00:00.0000,  1.299154040780533E+08,  1.685312018723615E+08, -1.100563942413506E+08
2461372.500000000, A.D. 2026-Nov-28 00:00:00.0000,  1.289575541886552E+08,  1.696625244223900E+08, -1.100708179932965E+08
2461373.500000000, A.D. 2026-Nov-29 00:00:00.0000,  1.279905048812772E+08,  1.707817056676735E+08, -1.100773975651984E+08
2461374.500000000, A.D. 2026-Nov-30 00:00:00.0000,  1.270143570014022E+08,  1.718887085758666E+08, -1.100761598865583E+08
2461375.500000000, A.D. 2026-Dec-01 00:00:00.0000,  1.260292104753038E+08,  1.729834960650963E+08, -1.100671315070574E+08
2461376.500000000, A.D. 2026-Dec-02 00:00:00.0000,  1.250351643357285E+08,  1.740660309893503E+08, -1.100503386016114E+08
2461377.500000000, A.D. 2026-Dec-03 00:00:00.0000,  1.240323167471724E+08,  1.751362761241574E+08, -1.100258069753663E+08
2461378.500000000, A.D. 2026-Dec-04 00:00:00.0000,  1.230207650307666E+08,  1.761941941525410E+08, -1.099935620686369E+08
2461379.500000000, A.D. 2026-Dec-05 00:00:00.0000,  1.220006056887867E+08,  1.772397476512370E+08, -1.099536289617873E+08
2461380.500000000, A.D. 2026-Dec-06 00:00:00.0000,  1.209719344288003E+08,  1.782728990771574E+08, -1.099060323800552E+08
2461381.500000000, A.D. 2026-Dec-07 00:00:00.0000,  1.199348461874703E+08,  1.792936107540901E+08, -1.098507966983221E+08
2461382.500000000, A.D. 2026-Dec-08 00:00:00.0000,  1.188894351540239E+08,  1.803018448596211E+08, -1.097879459458296E+08
2461383.500000000, A.D. 2026-Dec-09 00:00:00.0000,  1.178357947934044E+08,  1.812975634122673E+08, -1.097175038108433E+08
2461384.500000000, A.D. 2026-Dec-10 00:00:00.0000,  1.167740178691183E+08,  1.822807282588073E+08, -1.096394936452657E+08
2461385.500000000, A.D. 2026-Dec-11 00:00:00.0000,  1.157041964657923E+08,  1.832513010617989E+08, -1.095539384692002E+08
2461386.500000000, A.D. 2026-Dec-12 00:00:00.0000,  1.146264220114510E+08,  1.842092432872746E+08, -1.094608609754657E+08
2461387.500000000, A.D. 2026-Dec-13 00:00:00.0000,  1.135407852995318E+08,  1.851545161926009E+08, -1.093602835340663E+08
2461388.500000000, A.D. 2026-Dec-14 00:00:00.0000,  1.124473765106464E+08,  1.860870808144933E+08, -1.092522281966129E+08
2461389.500000000, A.D. 2026-Dec-15 00:00:00.0000,  1.113462852341040E+08,  1.870068979571764E+08, -1.091367167007042E+08
2461390.500000000, A.D. 2026-Dec-16 00:00:00.0000,  1.102376004892071E+08,  1.879139281806801E+08, -1.090137704742628E+08
2461391.500000000, A.D. 2026-Dec-17 00:00:00.0000,  1.091214107463333E+08,  1.888081317892607E+08, -1.088834106398319E+08
2461392.500000000, A.D. 2026-Dec-18 00:00:00.0000,  1.079978039478139E+08,  1.896894688199396E+08, -1.087456580188326E+08
2461393.500000000, A.D. 2026-Dec-19 00:00:00.0000,  1.068668675286223E+08,  1.905578990311499E+08, -1.086005331357832E+08
2461394.500000000, A.D. 2026-Dec-20 00:00:00.0000,  1.057286884368836E+08,  1.914133818914816E+08, -1.084480562224827E+08
2461395.500000000, A.D. 2026-Dec-21 00:00:00.0000,  1.045833531542169E+08,  1.922558765685188E+08, -1.082882472221607E+08
2461396.500000000, A.D. 2026-Dec-22 00:00:00.0000,  1.034309477159219E+08,  1.930853419177585E+08, -1.081211257935932E+08
2461397.500000000, A.D. 2026-Dec-23 00:00:00.0000,  1.022715577310217E+08,  1.939017364716041E+08, -1.079467113151893E+08
2461398.500000000, A.D. 2026-Dec-24 00:00:00.0000,  1.011052684021720E+08,  1.947050184284266E+08, -1.077650228890473E+08
2461399.500000000, A.D. 2026-Dec-25 00:00:00.0000,  9.993216454544963E+07,  1.954951456416841E+08, -1.075760793449842E+08
2461400.500000000, A.D. 2026-Dec-26 00:00:00.0000,  9.875233061002955E+07,  1.962720756090931E+08, -1.073798992445394E+08
2461401.500000000, A.D. 2026-Dec-27 00:00:00.0000,  9.756585069776338E+07,  1.970357654618449E+08, -1.071765008849550E+08
2461402.500000000, A.D. 2026-Dec-28 00:00:00.0000,  9.637280858266930E+07,  1.977861719538587E+08, -1.069659023031338E+08
2461403.500000000, A.D. 2026-Dec-29 00:00:00.0000,  9.517328773034459E+07,  1.985232514510652E+08, -1.067481212795781E+08
2461404.500000000, A.D. 2026-Dec-30 00:00:00.0000,  9.396737131731202E+07,  1.992469599207144E+08, -1.065231753423096E+08
2461405.500000000, A.D. 2026-Dec-31 00:00:00.0000,  9.275514225031088E+07,  1.999572529206989E+08, -1.062910817707746E+08
2461406.500000000, A.D. 2027-Jan-01 00:00:00.0000,  9.153668318554363E+07,  2.006540855888889E+08, -1.060518575997342E+08
2461407.500000000, A.D. 2027-Jan-02 00:00:00.0000,  9.031207654788911E+07,  2.013374126324702E+08, -1.058055196231433E+08
2461408.500000000, A.D. 2027-Jan-03 00:00:00.0000,  8.908140455009353E+07,  2.020071883172798E+08, -1.055520843980195E+08
2461409.500000000, A.D. 2027-Jan-04 00:00:00.0000,  8.784474921194963E+07,  2.026633664571328E+08, -1.052915682483050E+08
2461410.500000000, A.D. 2027-Jan-05 00:00:00.0000,  8.660219237947586E+07,  2.033059004031347E+08, -1.050239872687228E+08
2461411.500000000, A.D. 2027-Jan-06 00:00:00.0000,  8.535381574410592E+07,  2.039347430329719E+08, -1.047493573286297E+08
2461412.500000000, A.D. 2027-Jan-07 00:00:00.0000,  8.409970086190034E+07,  2.045498467401759E+08, -1.044676940758690E+08
2461413.500000000, A.D. 2027-Jan-08 00:00:00.0000,  8.283992917279096E+07,  2.051511634233550E+08, -1.041790129406243E+08
2461414.500000000, A.D. 2027-Jan-09 00:00:00.0000,  8.157458201986980E+07,  2.057386444753861E+08, -1.038833291392781E+08
2461415.500000000, A.D. 2027-Jan-10 00:00:00.0000,  8.030374066873348E+07,  2.063122407725637E+08, -1.035806576782764E+08
2461416.500000000, A.D. 2027-Jan-11 00:00:00.0000,  7.902748632689515E+07,  2.068719026636971E+08, -1.032710133580019E+08
2461417.500000000, A.D. 2027-Jan-12 00:00:00.0000,  7.774590016327499E+07,  2.074175799591537E+08, -1.029544107766608E+08
2461418.500000000, A.D. 2027-Jan-13 00:00:00.0000,  7.645906332778096E+07,  2.079492219198393E+08, -1.026308643341815E+08
2461419.500000000, A.D. 2027-Jan-14 00:00:00.0000,  7.516705697099280E+07,  2.084667772461129E+08, -1.023003882361326E+08
2461420.500000000, A.D. 2027-Jan-15 00:00:00.0000,  7.386996226395965E+07,  2.089701940666279E+08, -1.019629964976598E+08
2461421.500000000, A.D. 2027-Jan-16 00:00:00.0000,  7.256786041812466E+07,  2.094594199270973E+08, -1.016187029474462E+08
2461422.500000000, A.D. 2027-Jan-17 00:00:00.0000,  7.126083270538883E+07,  2.099344017789735E+08, -1.012675212316981E+08
2461423.500000000, A.D. 2027-Jan-18 00:00:00.0000,  6.994896047832607E+07,  2.103950859680421E+08, -1.009094648181607E+08
2461424.500000000, A.D. 2027-Jan-19 00:00:00.0000,  6.863232519056316E+07,  2.108414182229192E+08, -1.005445470001650E+08
2461425.500000000, A.D. 2027-Jan-20 00:00:00.0000,  6.731100841733669E+07,  2.112733436434518E+08, -1.001727809007111E+08
2461426.500000000, A.D. 2027-Jan-21 00:00:00.0000,  6.598509187624118E+07,  2.116908066890124E+08, -9.979417947659035E+07
2461427.500000000, A.D. 2027-Jan-22 00:00:00.0000,  6.465465744818112E+07,  2.120937511666844E+08, -9.940875552254929E+07
2461428.500000000, A.D. 2027-Jan-23 00:00:00.0000,  6.331978719854113E+07,  2.124821202193321E+08, -9.901652167550063E+07
2461429.500000000, A.D. 2027-Jan-24 00:00:00.0000,  6.198056339858834E+07,  2.128558563135513E+08, -9.861749041878365E+07
2461430.500000000, A.D. 2027-Jan-25 00:00:00.0000,  6.063706854712126E+07,  2.132149012274937E+08, -9.821167408647823E+07
2461431.500000000, A.D. 2027-Jan-26 00:00:00.0000,  5.928938539237999E+07,  2.135591960385610E+08, -9.779908486777695E+07
2461432.500000000, A.D. 2027-Jan-27 00:00:00.0000,  5.793759695423212E+07,  2.138886811109641E+08, -9.737973481141940E+07
2461433.500000000, A.D. 2027-Jan-28 00:00:00.0000,  5.658178654665214E+07,  2.142032960831398E+08, -9.695363583019182E+07
2461434.500000000, A.D. 2027-Jan-29 00:00:00.0000,  5.522203780050662E+07,  2.145029798550226E+08, -9.652079970549881E+07
2461435.500000000, A.D. 2027-Jan-30 00:00:00.0000,  5.385843468666440E+07,  2.147876705751653E+08, -9.608123809200963E+07
2461436.500000000, A.D. 2027-Jan-31 00:00:00.0000,  5.249106153944725E+07,  2.150573056277026E+08, -9.563496252238500E+07
2461437.500000000, A.D. 2027-Feb-01 00:00:00.0000,  5.112000308043845E+07,  2.153118216191534E+08, -9.518198441208903E+07
2461438.500000000, A.D. 2027-Feb-02 00:00:00.0000,  4.974534444266582E+07,  2.155511543650567E+08, -9.472231506429106E+07
2461439.500000000, A.D. 2027-Feb-03 00:00:00.0000,  4.836717119518489E+07,  2.157752388764350E+08, -9.425596567486642E+07
2461440.500000000, A.D. 2027-Feb-04 00:00:00.0000,  4.698556936806002E+07,  2.159840093460800E+08, -9.378294733749045E+07
2461441.500000000, A.D. 2027-Feb-05 00:00:00.0000,  4.560062547779284E+07,  2.161773991346566E+08, -9.330327104884778E+07
2461442.500000000, A.D. 2027-Feb-06 00:00:00.0000,  4.421242655319372E+07,  2.163553407566179E+08, -9.281694771394911E+07
2461443.500000000, A.D. 2027-Feb-07 00:00:00.0000,  4.282106016172609E+07,  2.165177658659283E+08, -9.232398815156804E+07
2461444.500000000, A.D. 2027-Feb-08 00:00:00.0000,  4.142661443634219E+07,  2.166646052415872E+08, -9.182440309980263E+07
2461445.500000000, A.D. 2027-Feb-09 00:00:00.0000,  4.002917810283379E+07,  2.167957887729497E+08, -9.131820322176817E+07
2461446.500000000, A.D. 2027-Feb-10 00:00:00.0000,  3.862884050771765E+07,  2.169112454448389E+08, -9.080539911142899E+07
2461447.500000000, A.D. 2027-Feb-11 00:00:00.0000,  3.722569164667972E+07,  2.170109033224441E+08, -9.028600129957582E+07
2461448.500000000, A.D. 2027-Feb-12 00:00:00.0000,  3.581982219360129E+07,  2.170946895360015E+08, -8.976002025995715E+07
2461449.500000000, A.D. 2027-Feb-13 00:00:00.0000,  3.441132353019211E+07,  2.171625302652510E+08, -8.922746641557214E+07
2461450.500000000, A.D. 2027-Feb-14 00:00:00.0000,  3.300028777625503E+07,  2.172143507236656E+08, -8.868835014513387E+07
2461451.500000000, A.D. 2027-Feb-15 00:00:00.0000,  3.158680782060938E+07,  2.172500751424475E+08, -8.814268178971180E+07
2461452.500000000, A.D. 2027-Feb-16 00:00:00.0000,  3.017097735269978E+07,  2.172696267542872E+08, -8.759047165956229E+07
2461453.500000000, A.D. 2027-Feb-17 00:00:00.0000,  2.875289089491884E+07,  2.172729277768795E+08, -8.703173004115647E+07
2461454.500000000, A.D. 2027-Feb-18 00:00:00.0000,  2.733264383567290E+07,  2.172598993961931E+08, -8.646646720441628E+07
2461455.500000000, A.D. 2027-Feb-19 00:00:00.0000,  2.591033246322112E+07,  2.172304617494874E+08, -8.589469341016765E+07
2461456.500000000, A.D. 2027-Feb-20 00:00:00.0000,  2.448605400031910E+07,  2.171845339080746E+08, -8.531641891782269E+07
2461457.500000000, A.D. 2027-Feb-21 00:00:00.0000,  2.305990663969966E+07,  2.171220338598186E+08, -8.473165399330109E+07
2461458.500000000, A.D. 2027-Feb-22 00:00:00.0000,  2.163198958042379E+07,  2.170428784913704E+08, -8.414040891720346E+07
2461459.500000000, A.D. 2027-Feb-23 00:00:00.0000,  2.020240306513822E+07,  2.169469835701326E+08, -8.354269399324761E+07
2461460.500000000, A.D. 2027-Feb-24 00:00:00.0000,  1.877124841827353E+07,  2.168342637259510E+08, -8.293851955698185E+07
2461461.500000000, A.D. 2027-Feb-25 00:00:00.0000,  1.733862808522124E+07,  2.167046324325277E+08, -8.232789598478776E+07
2461462.500000000, A.D. 2027-Feb-26 00:00:00.0000,  1.590464567253092E+07,  2.165580019885529E+08, -8.171083370318693E+07
2461463.500000000, A.D. 2027-Feb-27 00:00:00.0000,  1.446940598916379E+07,  2.163942834985517E+08, -8.108734319846624E+07
2461464.500000000, A.D. 2027-Feb-28 00:00:00.0000,  1.303301508884738E+07,  2.162133868534422E+08, -8.045743502663714E+07
2461465.500000000, A.D. 2027-Mar-01 00:00:00.0000,  1.159558031357615E+07,  2.160152207108020E+08, -7.982111982374501E+07
2461466.500000000, A.D. 2027-Mar-02 00:00:00.0000,  1.015721033829960E+07,  2.157996924748406E+08, -7.917840831654578E+07
2461467.500000000, A.D. 2027-Mar-03 00:00:00.0000,  8.718015216848714E+06,  2.155667082760739E+08, -7.852931133356692E+07
2461468.500000000, A.D. 2027-Mar-04 00:00:00.0000,  7.278106429148159E+06,  2.153161729507005E+08, -7.787383981657234E+07
2461469.500000000, A.D. 2027-Mar-05 00:00:00.0000,  5.837596929765727E+06,  2.150479900196768E+08, -7.721200483245011E+07
2461470.500000000, A.D. 2027-Mar-06 00:00:00.0000,  4.396601197851999E+06,  2.147620616674888E+08, -7.654381758554325E+07
2461471.500000000, A.D. 2027-Mar-07 00:00:00.0000,  2.955235288526235E+06,  2.144582887206219E+08, -7.586928943044627E+07
2461472.500000000, A.D. 2027-Mar-08 00:00:00.0000,  1.513616885765141E+06,  2.141365706257262E+08, -7.518843188528860E+07
2461473.500000000, A.D. 2027-Mar-09 00:00:00.0000,  7.186535685549387E+04,  2.137968054274772E+08, -7.450125664552929E+07
2461474.500000000, A.D. 2027-Mar-10 00:00:00.0000, -1.369898191527243E+06,  2.134388897461347E+08, -7.380777559828836E+07
2461475.500000000, A.D. 2027-Mar-11 00:00:00.0000, -2.811550855549521E+06,  2.130627187547989E+08, -7.310800083723989E+07
2461476.500000000, A.D. 2027-Mar-12 00:00:00.0000, -4.252967874690166E+06,  2.126681861563672E+08, -7.240194467809547E+07
2461477.500000000, A.D. 2027-Mar-13 00:00:00.0000, -5.694022570382029E+06,  2.122551841601937E+08, -7.168961967470588E+07
2461478.500000000, A.D. 2027-Mar-14 00:00:00.0000, -7.134586282749196E+06,  2.118236034584552E+08, -7.097103863581218E+07
2461479.500000000, A.D. 2027-Mar-15 00:00:00.0000, -8.574528305363486E+06,  2.113733332022288E+08, -7.024621464247791E+07
2461480.500000000, A.D. 2027-Mar-16 00:00:00.0000, -1.001371581793987E+07,  2.109042609772857E+08, -6.951516106623572E+07
2461481.500000000, A.D. 2027-Mar-17 00:00:00.0000, -1.145201381688697E+07,  2.104162727796087E+08, -6.877789158798450E+07
2461482.500000000, A.D. 2027-Mar-18 00:00:00.0000, -1.288928504362503E+07,  2.099092529906416E+08, -6.803442021767351E+07
2461483.500000000, A.D. 2027-Mar-19 00:00:00.0000, -1.432538991058030E+07,  2.093830843522782E+08, -6.728476131481336E+07
2461484.500000000, A.D. 2027-Mar-20 00:00:00.0000, -1.576018642476033E+07,  2.088376479416037E+08, -6.652892960985467E+07
2461485.500000000, A.D. 2027-Mar-21 00:00:00.0000, -1.719353010881067E+07,  2.082728231453983E+08, -6.576694022647814E+07
2461486.500000000, A.D. 2027-Mar-22 00:00:00.0000, -1.862527391944913E+07,  2.076884876344198E+08, -6.499880870484212E+07
2461487.500000000, A.D. 2027-Mar-23 00:00:00.0000, -2.005526816316880E+07,  2.070845173374784E+08, -6.422455102583544E+07
2461488.500000000, A.D. 2027-Mar-24 00:00:00.0000, -2.148336040909663E+07,  2.064607864153231E+08, -6.344418363638692E+07
2461489.500000000, A.D. 2027-Mar-25 00:00:00.0000, -2.290939539888879E+07,  2.058171672343591E+08, -6.265772347588508E+07
2461490.500000000, A.D. 2027-Mar-26 00:00:00.0000, -2.433321495353899E+07,  2.051535303402188E+08, -6.186518800376494E+07
2461491.500000000, A.D. 2027-Mar-27 00:00:00.0000, -2.575465787697021E+07,  2.044697444312122E+08, -6.106659522832139E+07
2461492.500000000, A.D. 2027-Mar-28 00:00:00.0000, -2.717355985627433E+07,  2.037656763316825E+08, -6.026196373681237E+07
2461493.500000000, A.D. 2027-Mar-29 00:00:00.0000, -2.858975335845811E+07,  2.030411909653012E+08, -5.945131272691884E+07
2461494.500000000, A.D. 2027-Mar-30 00:00:00.0000, -3.000306752354740E+07,  2.022961513283332E+08, -5.863466203963123E+07
2461495.500000000, A.D. 2027-Mar-31 00:00:00.0000, -3.141332805389448E+07,  2.015304184629135E+08, -5.781203219363735E+07
2461496.500000000, A.D. 2027-Apr-01 00:00:00.0000, -3.282035709952670E+07,  2.007438514303749E+08, -5.698344442128979E+07
2461497.500000000, A.D. 2027-Apr-02 00:00:00.0000, -3.422397313936646E+07,  1.999363072846747E+08, -5.614892070623621E+07
2461498.500000000, A.D. 2027-Apr-03 00:00:00.0000, -3.562399085814546E+07,  1.991076410459698E+08, -5.530848382279977E+07
2461499.500000000, A.D. 2027-Apr-04 00:00:00.0000, -3.702022101882710E+07,  1.982577056743982E+08, -5.446215737720277E+07
2461500.500000000, A.D. 2027-Apr-05 00:00:00.0000, -3.841247033034290E+07,  1.973863520441271E+08, -5.360996585073185E+07
2461501.500000000, A.D. 2027-Apr-06 00:00:00.0000, -3.980054131043921E+07,  1.964934289177358E+08, -5.275193464494765E+07
2461502.500000000, A.D. 2027-Apr-07 00:00:00.0000, -4.118423214342134E+07,  1.955787829210079E+08, -5.188809012904990E+07
2461503.500000000, A.D. 2027-Apr-08 00:00:00.0000, -4.256333653257194E+07,  1.946422585182135E+08, -5.101845968951307E+07
2461504.500000000, A.D. 2027-Apr-09 00:00:00.0000, -4.393764354701009E+07,  1.936836979879715E+08, -5.014307178211670E+07
2461505.500000000, A.D. 2027-Apr-10 00:00:00.0000, -4.530693746274666E+07,  1.927029413997892E+08, -4.926195598649979E+07
2461506.500000000, A.D. 2027-Apr-11 00:00:00.0000, -4.667099759767967E+07,  1.916998265913850E+08, -4.837514306337807E+07
2461507.500000000, A.D. 2027-Apr-12 00:00:00.0000, -4.802959814026171E+07,  1.906741891469126E+08, -4.748266501457011E+07
2461508.500000000, A.D. 2027-Apr-13 00:00:00.0000, -4.938250797155846E+07,  1.896258623762133E+08, -4.658455514598732E+07
2461509.500000000, A.D. 2027-Apr-14 00:00:00.0000, -5.072949048040409E+07,  1.885546772952354E+08, -4.568084813375218E+07
2461510.500000000, A.D. 2027-Apr-15 00:00:00.0000, -5.207030337134618E+07,  1.874604626077738E+08, -4.477158009361928E+07
2461511.500000000, A.D. 2027-Apr-16 00:00:00.0000, -5.340469846505684E+07,  1.863430446886948E+08, -4.385678865388360E+07
2461512.500000000, A.D. 2027-Apr-17 00:00:00.0000, -5.473242149087325E+07,  1.852022475688289E+08, -4.293651303197253E+07
2461513.500000000, A.D. 2027-Apr-18 00:00:00.0000, -5.605321187111339E+07,  1.840378929217273E+08, -4.201079411492968E+07
2461514.500000000, A.D. 2027-Apr-19 00:00:00.0000, -5.736680249679749E+07,  1.828498000525004E+08, -4.107967454401083E+07
2461515.500000000, A.D. 2027-Apr-20 00:00:00.0000, -5.867291949438742E+07,  1.816377858889707E+08, -4.014319880362752E+07
2461516.500000000, A.D. 2027-Apr-21 00:00:00.0000, -5.997128198313874E+07,  1.804016649753994E+08, -3.920141331488636E+07
2461517.500000000, A.D. 2027-Apr-22 00:00:00.0000, -6.126160182264137E+07,  1.791412494690647E+08, -3.825436653398879E+07
2461518.500000000, A.D. 2027-Apr-23 00:00:00.0000, -6.254358335010483E+07,  1.778563491399974E+08, -3.730210905577253E+07
2461519.500000000, A.D. 2027-Apr-24 00:00:00.0000, -6.381692310692437E+07,  1.765467713742062E+08, -3.634469372269291E+07
2461520.500000000, A.D. 2027-Apr-25 00:00:00.0000, -6.508130955404235E+07,  1.752123211807550E+08, -3.538217573956116E+07
2461521.500000000, A.D. 2027-Apr-26 00:00:00.0000, -6.633642277559826E+07,  1.738528012030877E+08, -3.441461279437725E+07
2461522.500000000, A.D. 2027-Apr-27 00:00:00.0000, -6.758193417033738E+07,  1.724680117350302E+08, -3.344206518561540E+07
2461523.500000000, A.D. 2027-Apr-28 00:00:00.0000, -6.881750613022509E+07,  1.710577507419394E+08, -3.246459595634371E+07
2461524.500000000, A.D. 2027-Apr-29 00:00:00.0000, -7.004279170568988E+07,  1.696218138875104E+08, -3.148227103558256E+07
2461525.500000000, A.D. 2027-Apr-30 00:00:00.0000, -7.125743425689247E+07,  1.681599945668002E+08, -3.049515938733391E+07
2461526.500000000, A.D. 2027-May-01 00:00:00.0000, -7.246106709039466E+07,  1.666720839460746E+08, -2.950333316773908E+07
2461527.500000000, A.D. 2027-May-02 00:00:00.0000, -7.365331308057384E+07,  1.651578710101409E+08, -2.850686789085346E+07
2461528.500000000, A.D. 2027-May-03 00:00:00.0000, -7.483378427510321E+07,  1.636171426178890E+08, -2.750584260355656E+07
2461529.500000000, A.D. 2027-May-04 00:00:00.0000, -7.600208148379202E+07,  1.620496835668288E+08, -2.650034007015031E+07
2461530.500000000, A.D. 2027-May-05 00:00:00.0000, -7.715779385005167E+07,  1.604552766674803E+08, -2.549044696723293E+07
2461531.500000000, A.D. 2027-May-06 00:00:00.0000, -7.830049840422587E+07,  1.588337028285541E+08, -2.447625408947223E+07
2461532.500000000, A.D. 2027-May-07 00:00:00.0000, -7.942975959799972E+07,  1.571847411539409E+08, -2.345785656694555E+07
2461533.500000000, A.D. 2027-May-08 00:00:00.0000, -8.054512881906359E+07,  1.555081690526299E+08, -2.243535409475286E+07
2461534.500000000, A.D. 2027-May-09 00:00:00.0000, -8.164614388521317E+07,  1.538037623627497E+08, -2.140885117565329E+07
2461535.500000000, A.D. 2027-May-10 00:00:00.0000, -8.273232851698820E+07,  1.520712954910818E+08, -2.037845737652978E+07
2461536.500000000, A.D. 2027-May-11 00:00:00.0000, -8.380319178798310E+07,  1.503105415694663E+08, -1.934428759952866E+07
2461537.500000000, A.D. 2027-May-12 00:00:00.0000, -8.485822755191517E+07,  1.485212726296830E+08, -1.830646236878175E+07
2461538.500000000, A.D. 2027-May-13 00:00:00.0000, -8.589691384551169E+07,  1.467032597985187E+08, -1.726510813367049E+07
2461539.500000000, A.D. 2027-May-14 00:00:00.0000, -8.691871226627885E+07,  1.448562735148928E+08, -1.622035758965560E+07
2461540.500000000, A.D. 2027-May-15 00:00:00.0000, -8.792306732419159E+07,  1.429800837710808E+08, -1.517235001775718E+07
2461541.500000000, A.D. 2027-May-16 00:00:00.0000, -8.890940576634294E+07,  1.410744603802602E+08, -1.412123164383857E+07
2461542.500000000, A.D. 2027-May-17 00:00:00.0000, -8.987713587358847E+07,  1.391391732728086E+08, -1.306715601891787E+07
2461543.500000000, A.D. 2027-May-18 00:00:00.0000, -9.082564672822914E+07,  1.371739928240033E+08, -1.201028442180546E+07
2461544.500000000, A.D. 2027-May-19 00:00:00.0000, -9.175430745178987E+07,  1.351786902160117E+08, -1.095078628544302E+07
2461545.500000000, A.D. 2027-May-20 00:00:00.0000, -9.266246641197750E+07,  1.331530378373275E+08, -9.888839648401491E+06
2461546.500000000, A.D. 2027-May-21 00:00:00.0000, -9.354945039793697E+07,  1.310968097230906E+08, -8.824631633078754E+06
2461547.500000000, A.D. 2027-May-22 00:00:00.0000, -9.441456376298022E+07,  1.290097820400403E+08, -7.758358952225648E+06
2461548.500000000, A.D. 2027-May-23 00:00:00.0000, -9.525708753402762E+07,  1.268917336201918E+08, -6.690228445518523E+06
2461549.500000000, A.D. 2027-May-24 00:00:00.0000, -9.607627848709477E+07,  1.247424465476913E+08, -5.620457647989176E+06
2461550.500000000, A.D. 2027-May-25 00:00:00.0000, -9.687136818826936E+07,  1.225617068037060E+08, -4.549275392216697E+06
2461551.500000000, A.D. 2027-May-26 00:00:00.0000, -9.764156199976413E+07,  1.203493049746430E+08, -3.476922446281269E+06
2461552.500000000, A.D. 2027-May-27 00:00:00.0000, -9.838603805080658E+07,  1.181050370294551E+08, -2.403652189574406E+06
2461553.500000000, A.D. 2027-May-28 00:00:00.0000, -9.910394617333688E+07,  1.158287051723110E+08, -1.329731328655027E+06
2461554.500000000, A.D. 2027-May-29 00:00:00.0000, -9.979440680273993E+07,  1.135201187774526E+08, -2.554406554310173E+05
2461555.500000000, A.D. 2027-May-30 00:00:00.0000, -1.004565098441444E+08,  1.111790954136632E+08,  8.189241499666348E+05
2461556.500000000, A.D. 2027-May-31 00:00:00.0000, -1.010893135051842E+08,  1.088054619664121E+08,  1.893051669170722E+06
2461557.500000000, A.D. 2027-Jun-01 00:00:00.0000, -1.016918430965497E+08,  1.063990558664337E+08,  2.966613845908515E+06
2461558.500000000, A.D. 2027-Jun-02 00:00:00.0000, -1.022630898021660E+08,  1.039597264342416E+08,  4.039265034102768E+06
2461559.500000000, A.D. 2027-Jun-03 00:00:00.0000, -1.028020094214301E+08,  1.014873363508734E+08,  5.110640991128929E+06
2461560.500000000, A.D. 2027-Jun-04 00:00:00.0000, -1.033075210866444E+08,  9.898176326600894E+07,  6.180357813596703E+06
2461561.500000000, A.D. 2027-Jun-05 00:00:00.0000, -1.037785059595962E+08,  9.644290155550329E+07,  7.248010813034192E+06
2461562.500000000, A.D. 2027-Jun-06 00:00:00.0000, -1.042138059121858E+08,  9.387066424132895E+07,  8.313173328898072E+06
2461563.500000000, A.D. 2027-Jun-07 00:00:00.0000, -1.046122221971097E+08,  9.126498508791927E+07,  9.375395476420417E+06
2461564.500000000, A.D. 2027-Jun-08 00:00:00.0000, -1.049725141158789E+08,  8.862582088994940E+07,  1.043420282694498E+07
2461565.500000000, A.D. 2027-Jun-09 00:00:00.0000, -1.052933976929262E+08,  8.595315396767168E+07,  1.148909501861060E+07
2461566.500000000, A.D. 2027-Jun-10 00:00:00.0000, -1.055735443662485E+08,  8.324699488702875E+07,  1.253954429552279E+07
2461567.500000000, A.D. 2027-Jun-11 00:00:00.0000, -1.058115797069729E+08,  8.050738542289077E+07,  1.358499397393242E+07
2461568.500000000, A.D. 2027-Jun-12 00:00:00.0000, -1.060060821824589E+08,  7.773440178487717E+07,  1.462485683442844E+07
2461569.500000000, A.D. 2027-Jun-13 00:00:00.0000, -1.061555819800814E+08,  7.492815812631369E+07,  1.565851343977496E+07
2461570.500000000, A.D. 2027-Jun-14 00:00:00.0000, -1.062585599117265E+08,  7.208881035790387E+07,  1.668531037880166E+07
2461571.500000000, A.D. 2027-Jun-15 00:00:00.0000, -1.063134464222935E+08,  6.921656028862724E+07,  1.770455843772248E+07
2461572.500000000, A.D. 2027-Jun-16 00:00:00.0000, -1.063186207291905E+08,  6.631166011716393E+07,  1.871553070143879E+07
2461573.500000000, A.D. 2027-Jun-17 00:00:00.0000, -1.062724101239587E+08,  6.337441729772714E+07,  1.971746058881855E+07
2461574.500000000, A.D. 2027-Jun-18 00:00:00.0000, -1.061730894718097E+08,  6.040519980448991E+07,  2.070953982767102E+07
2461575.500000000, A.D. 2027-Jun-19 00:00:00.0000, -1.060188809500363E+08,  5.740444181872825E+07,  2.169091637720139E+07
2461576.500000000, A.D. 2027-Jun-20 00:00:00.0000, -1.058079540720050E+08,  5.437264986226442E+07,  2.266069230818173E+07
2461577.500000000, A.D. 2027-Jun-21 00:00:00.0000, -1.055384260497524E+08,  5.131040939965209E+07,  2.361792165396538E+07
2461578.500000000, A.D. 2027-Jun-22 00:00:00.0000, -1.052083625551284E+08,  4.821839192964599E+07,  2.456160824885776E+07
2461579.500000000, A.D. 2027-Jun-23 00:00:00.0000, -1.048157789469175E+08,  4.509736258366614E+07,  2.549070357429641E+07
2461580.500000000, A.D. 2027-Jun-24 00:00:00.0000, -1.043586420394147E+08,  4.194818824499112E+07,  2.640410463784527E+07
2461581.500000000, A.D. 2027-Jun-25 00:00:00.0000, -1.038348724964517E+08,  3.877184619705942E+07,  2.730065191522992E+07
2461582.500000000, A.D. 2027-Jun-26 00:00:00.0000, -1.032423479437757E+08,  3.556943330225357E+07,  2.817912739158267E+07
2461583.500000000, A.D. 2027-Jun-27 00:00:00.0000, -1.025789069017925E+08,  3.234217570358723E+07,  2.903825274477206E+07
2461584.500000000, A.D. 2027-Jun-28 00:00:00.0000, -1.018423536498007E+08,  2.909143903048524E+07,  2.987668772118304E+07
2461585.500000000, A.D. 2027-Jun-29 00:00:00.0000, -1.010304641416364E+08,  2.581873907598690E+07,  3.069302876259475E+07
2461586.500000000, A.D. 2027-Jun-30 00:00:00.0000, -1.001409931007294E+08,  2.252575289585595E+07,  3.148580795184060E+07
2461587.500000000, A.D. 2027-Jul-01 00:00:00.0000, -9.917168242942300E+07,  1.921433025988277E+07,  3.225349235464800E+07
2461588.500000000, A.D. 2027-Jul-02 00:00:00.0000, -9.812027107238112E+07,  1.588650536178292E+07,  3.299448384530875E+07
2461589.500000000, A.D. 2027-Jul-03 00:00:00.0000, -9.698450647621372E+07,  1.254450866625066E+07,  3.370711951440687E+07
2461590.500000000, A.D. 2027-Jul-04 00:00:00.0000, -9.576215778613846E+07,  9.190778739729019E+06,  3.438967276742118E+07
2461591.500000000, A.D. 2027-Jul-05 00:00:00.0000, -9.445103091445754E+07,  5.827973875269009E+06,  3.504035523320168E+07
2461592.500000000, A.D. 2027-Jul-06 00:00:00.0000, -9.304898560360077E+07,  2.458983281635847E+06,  3.565731961053377E+07
2461593.500000000, A.D. 2027-Jul-07 00:00:00.0000, -9.155395458706598E+07, -9.130624369774424E+05,  3.623866358855005E+07
2461594.500000000, A.D. 2027-Jul-08 00:00:00.0000, -8.996396492329524E+07, -4.284781830835259E+06,  3.678243498175274E+07
2461595.500000000, A.D. 2027-Jul-09 00:00:00.0000, -8.827716153885356E+07, -7.652534552423483E+06,  3.728663822184584E+07
2461596.500000000, A.D. 2027-Jul-10 00:00:00.0000, -8.649183296679634E+07, -1.101241511814664E+07,  3.774924234524691E+07
2461597.500000000, A.D. 2027-Jul-11 00:00:00.0000, -8.460643920264846E+07, -1.436024894505675E+07,  3.816819060575114E+07
2461598.500000000, A.D. 2027-Jul-12 00:00:00.0000, -8.261964152316685E+07, -1.769159116291903E+07,  3.854141182495837E+07
2461599.500000000, A.D. 2027-Jul-13 00:00:00.0000, -8.053033402189532E+07, -2.100172873150251E+07,  3.886683356738094E+07
2461600.500000000, A.D. 2027-Jul-14 00:00:00.0000, -7.833767651117370E+07, -2.428568640848730E+07,  3.914239719137066E+07
2461601.500000000, A.D. 2027-Jul-15 00:00:00.0000, -7.604112832464509E+07, -2.753823710991975E+07,  3.936607478019297E+07
2461602.500000000, A.D. 2027-Jul-16 00:00:00.0000, -7.364048243073978E+07, -3.075391717748719E+07,  3.953588789923002E+07
2461603.500000000, A.D. 2027-Jul-17 00:00:00.0000, -7.113589914105445E+07, -3.392704701004905E+07,  3.964992805563895E+07
2461604.500000000, A.D. 2027-Jul-18 00:00:00.0000, -6.852793857466319E+07, -3.705175742640847E+07,  3.970637865691531E+07
2461605.500000000, A.D. 2027-Jul-19 00:00:00.0000, -6.581759092857709E+07, -4.012202199914192E+07,  3.970353817694880E+07
2461606.500000000, A.D. 2027-Jul-20 00:00:00.0000, -6.300630351557687E+07, -4.313169543429032E+07,  3.963984414576642E+07
2461607.500000000, A.D. 2027-Jul-21 00:00:00.0000, -6.009600347414728E+07, -4.607455787043347E+07,  3.951389748699486E+07
2461608.500000000, A.D. 2027-Jul-22 00:00:00.0000, -5.708911504198816E+07, -4.894436473805253E+07,  3.932448664108997E+07
2461609.500000000, A.D. 2027-Jul-23 00:00:00.0000, -5.398857032430592E+07, -5.173490156482361E+07,  3.907061083943674E+07
2461610.500000000, A.D. 2027-Jul-24 00:00:00.0000, -5.079781258828624E+07, -5.444004284711852E+07,  3.875150184182331E+07
2461611.500000000, A.D. 2027-Jul-25 00:00:00.0000, -4.752079127971131E+07, -5.705381384849276E+07,  3.836664342462245E+07
2461612.500000000, A.D. 2027-Jul-26 00:00:00.0000, -4.416194818573076E+07, -5.957045395081330E+07,  3.791578791534551E+07
2461613.500000000, A.D. 2027-Jul-27 00:00:00.0000, -4.072619445280316E+07, -6.198447999245397E+07,  3.739896911527748E+07
2461614.500000000, A.D. 2027-Jul-28 00:00:00.0000, -3.721887849833764E+07, -6.429074789932382E+07,  3.681651103722063E+07
2461615.500000000, A.D. 2027-Jul-29 00:00:00.0000, -3.364574521061199E+07, -6.648451086403750E+07,  3.616903200831025E+07
2461616.500000000, A.D. 2027-Jul-30 00:00:00.0000, -3.001288719184444E+07, -6.856147236680712E+07,  3.545744384328271E+07
2461617.500000000, A.D. 2027-Jul-31 00:00:00.0000, -2.632668913921029E+07, -7.051783246233442E+07,  3.468294597303813E+07
2461618.500000000, A.D. 2027-Aug-01 00:00:00.0000, -2.259376675355485E+07, -7.235032597599116E+07,  3.384701460572670E+07
2461619.500000000, A.D. 2027-Aug-02 00:00:00.0000, -1.882090179373591E+07, -7.405625154787585E+07,  3.295138719011710E+07
2461620.500000000, A.D. 2027-Aug-03 00:00:00.0000, -1.501497503927910E+07, -7.563349081599589E+07,  3.199804263053583E+07
2461621.500000000, A.D. 2027-Aug-04 00:00:00.0000, -1.118289897574550E+07, -7.708051741580626E+07,  3.098917785706576E+07
2461622.500000000, A.D. 2027-Aug-05 00:00:00.0000, -7.331551974319606E+06, -7.839639586611199E+07,  2.992718147412814E+07
2461623.500000000, A.D. 2027-Aug-06 00:00:00.0000, -3.467715606040706E+06, -7.958077078461775E+07,  2.881460528845014E+07
2461624.500000000, A.D. 2027-Aug-07 00:00:00.0000,  4.019834747735520E+05, -8.063384720687318E+07,  2.765413455093059E+07
2461625.500000000, A.D. 2027-Aug-08 00:00:00.0000,  4.271125905485029E+06, -8.155636305176997E+07,  2.644855773704429E+07
2461626.500000000, A.D. 2027-Aug-09 00:00:00.0000,  8.133545372966982E+06, -8.234955497334495E+07,  2.520073664154730E+07
2461627.500000000, A.D. 2027-Aug-10 00:00:00.0000,  1.198336718857752E+07, -8.301511895758045E+07,  2.391357748233750E+07
2461628.500000000, A.D. 2027-Aug-11 00:00:00.0000,  1.581503941686822E+07, -8.355516706587885E+07,  2.259000360398640E+07
2461629.500000000, A.D. 2027-Aug-12 00:00:00.0000,  1.962335657248814E+07, -8.397218170110184E+07,  2.123293025289402E+07
2461630.500000000, A.D. 2027-Aug-13 00:00:00.0000,  2.340347614047400E+07, -8.426896868866268E+07,  1.984524177210190E+07
2461631.500000000, A.D. 2027-Aug-14 00:00:00.0000,  2.715092837074986E+07, -8.444861033762631E+07,  1.842977144235186E+07
2461632.500000000, A.D. 2027-Aug-15 00:00:00.0000,  3.086161994476663E+07, -8.451441948931433E+07,  1.698928408328465E+07
2461633.500000000, A.D. 2027-Aug-16 00:00:00.0000,  3.453183221130570E+07, -8.446989538714528E+07,  1.552646142925695E+07
2461634.500000000, A.D. 2027-Aug-17 00:00:00.0000,  3.815821474313203E+07, -8.431868202338871E+07,  1.404389021087996E+07
2461635.500000000, A.D. 2027-Aug-18 00:00:00.0000,  4.173777498211414E+07, -8.406452944600737E+07,  1.254405280721099E+07
2461636.500000000, A.D. 2027-Aug-19 00:00:00.0000,  4.526786472452543E+07, -8.371125834919147E+07,  1.102932028440556E+07
2461637.500000000, A.D. 2027-Aug-20 00:00:00.0000,  4.874616415779488E+07, -8.326272812951656E+07,  9.501947603409380E+06
2461638.500000000, A.D. 2027-Aug-21 00:00:00.0000,  5.217066410204708E+07, -8.272280846866654E+07,  7.964070760116961E+06
2461639.500000000, A.D. 2027-Aug-22 00:00:00.0000,  5.553964704075298E+07, -8.209535440430577E+07,  6.417705614155661E+06
2461640.500000000, A.D. 2027-Aug-23 00:00:00.0000,  5.885166745016959E+07, -8.138418477249391E+07,  4.864748164753538E+06
2461641.500000000, A.D. 2027-Aug-24 00:00:00.0000,  6.210553186139534E+07, -8.059306384653246E+07,  3.306976041758355E+06
2461642.500000000, A.D. 2027-Aug-25 00:00:00.0000,  6.530027901518627E+07, -7.972568595618881E+07,  1.746050994725797E+06
2461643.500000000, A.D. 2027-Aug-26 00:00:00.0000,  6.843516040057322E+07, -7.878566284539548E+07,  1.835221812792309E+05
2461644.500000000, A.D. 2027-Aug-27 00:00:00.0000,  7.150962140536065E+07, -7.777651351321012E+07, -1.379169923844051E+06
2461645.500000000, A.D. 2027-Aug-28 00:00:00.0000,  7.452328325064416E+07, -7.670165627956434E+07, -2.940689156709813E+06
2461646.500000000, A.D. 2027-Aug-29 00:00:00.0000,  7.747592583288260E+07, -7.556440282183580E+07, -4.499798965982359E+06
2461647.500000000, A.D. 2027-Aug-30 00:00:00.0000,  8.036747155571747E+07, -7.436795393852960E+07, -6.055357505647544E+06
2461648.500000000, A.D. 2027-Aug-31 00:00:00.0000,  8.319797019927570E+07, -7.311539681061406E+07, -7.606312617170461E+06
2461649.500000000, A.D. 2027-Sep-01 00:00:00.0000,  8.596758484657444E+07, -7.180970354789448E+07, -9.151696782656606E+06
2461650.500000000, A.D. 2027-Sep-02 00:00:00.0000,  8.867657886419998E+07, -7.045373082606608E+07, -1.069062211539062E+07
2461651.500000000, A.D. 2027-Sep-03 00:00:00.0000,  9.132530391696708E+07, -6.905022043887082E+07, -1.222227544071057E+07
2461652.500000000, A.D. 2027-Sep-04 00:00:00.0000,  9.391418898307253E+07, -6.760180060840455E+07, -1.374591350850077E+07
2461653.500000000, A.D. 2027-Sep-05 00:00:00.0000,  9.644373032667789E+07, -6.611098791460088E+07, -1.526085836855597E+07
2461654.500000000, A.D. 2027-Sep-06 00:00:00.0000,  9.891448237827195E+07, -6.458018972190642E+07, -1.676649293156470E+07
2461655.500000000, A.D. 2027-Sep-07 00:00:00.0000,  1.013270494690247E+08, -6.301170699695581E+07, -1.826225673133158E+07
2461656.500000000, A.D. 2027-Sep-08 00:00:00.0000,  1.036820783631650E+08, -6.140773742552897E+07, -1.974764189796351E+07
2461657.500000000, A.D. 2027-Sep-09 00:00:00.0000,  1.059802515317721E+08, -5.977037875018688E+07, -2.122218934692954E+07
2461658.500000000, A.D. 2027-Sep-10 00:00:00.0000,  1.082222811119197E+08, -5.810163226174436E+07, -2.268548518503143E+07
2461659.500000000, A.D. 2027-Sep-11 00:00:00.0000,  1.104089034965449E+08, -5.640340638819505E+07, -2.413715733125599E+07
2461660.500000000, A.D. 2027-Sep-12 00:00:00.0000,  1.125408745024933E+08, -5.467752033392978E+07, -2.557687234810234E+07
2461661.500000000, A.D. 2027-Sep-13 00:00:00.0000,  1.146189650667219E+08, -5.292570773016902E+07, -2.700433247717855E+07
2461662.500000000, A.D. 2027-Sep-14 00:00:00.0000,  1.166439574234589E+08, -5.114962026456337E+07, -2.841927287154485E+07
2461663.500000000, A.D. 2027-Sep-15 00:00:00.0000,  1.186166417181026E+08, -4.935083126399607E+07, -2.982145901636213E+07
2461664.500000000, A.D. 2027-Sep-16 00:00:00.0000,  1.205378130166932E+08, -4.753083920985040E+07, -3.121068432880789E+07
2461665.500000000, A.D. 2027-Sep-17 00:00:00.0000,  1.224082686728374E+08, -4.569107116947144E+07, -3.258676792788761E+07
2461666.500000000, A.D. 2027-Sep-18 00:00:00.0000,  1.242288060169479E+08, -4.383288613134693E+07, -3.394955256463892E+07
2461667.500000000, A.D. 2027-Sep-19 00:00:00.0000,  1.260002203355398E+08, -4.195757823473600E+07, -3.529890270325810E+07
2461668.500000000, A.D. 2027-Sep-20 00:00:00.0000,  1.277233031110756E+08, -4.006637988716248E+07, -3.663470274383254E+07
2461669.500000000, A.D. 2027-Sep-21 00:00:00.0000,  1.293988404954450E+08, -3.816046476542976E+07, -3.795685537760964E+07
2461670.500000000, A.D. 2027-Sep-22 00:00:00.0000,  1.310276119926004E+08, -3.624095069766730E+07, -3.926528006604599E+07
2461671.500000000, A.D. 2027-Sep-23 00:00:00.0000,  1.326103893281386E+08, -3.430890242544013E+07, -4.055991163524298E+07
2461672.500000000, A.D. 2027-Sep-24 00:00:00.0000,  1.341479354857130E+08, -3.236533424618987E+07, -4.184069897776578E+07
2461673.500000000, A.D. 2027-Sep-25 00:00:00.0000,  1.356410038920999E+08, -3.041121253727085E+07, -4.310760385425525E+07
2461674.500000000, A.D. 2027-Sep-26 00:00:00.0000,  1.370903377345134E+08, -2.844745816363583E+07, -4.436059978766047E+07
2461675.500000000, A.D. 2027-Sep-27 00:00:00.0000,  1.384966693953883E+08, -2.647494877184357E+07, -4.559967104334116E+07
2461676.500000000, A.D. 2027-Sep-28 00:00:00.0000,  1.398607199913323E+08, -2.449452097353400E+07, -4.682481168870407E+07
2461677.500000000, A.D. 2027-Sep-29 00:00:00.0000,  1.411831990042926E+08, -2.250697242186762E+07, -4.803602472644331E+07
2461678.500000000, A.D. 2027-Sep-30 00:00:00.0000,  1.424648039942075E+08, -2.051306378467748E+07, -4.923332129584748E+07
2461679.500000000, A.D. 2027-Oct-01 00:00:00.0000,  1.437062203835187E+08, -1.851352061824892E+07, -5.041671993701307E+07
2461680.500000000, A.D. 2027-Oct-02 00:00:00.0000,  1.449081213049246E+08, -1.650903514574131E+07, -5.158624591316453E+07
2461681.500000000, A.D. 2027-Oct-03 00:00:00.0000,  1.460711675046574E+08, -1.450026794430852E+07, -5.274193058662212E+07
2461682.500000000, A.D. 2027-Oct-04 00:00:00.0000,  1.471960072943851E+08, -1.248784954497249E+07, -5.388381084428270E+07
2461683.500000000, A.D. 2027-Oct-05 00:00:00.0000,  1.482832765455747E+08, -1.047238194926467E+07, -5.501192856878188E+07
2461684.500000000, A.D. 2027-Oct-06 00:00:00.0000,  1.493335987208142E+08, -8.454440066582534E+06, -5.612633015179132E+07
2461685.500000000, A.D. 2027-Oct-07 00:00:00.0000,  1.503475849371882E+08, -6.434573076117886E+06, -5.722706604617248E+07
2461686.500000000, A.D. 2027-Oct-08 00:00:00.0000,  1.513258340573358E+08, -4.413305717105780E+06, -5.831419035395591E+07
2461687.500000000, A.D. 2027-Oct-09 00:00:00.0000,  1.522689328042994E+08, -2.391139511022996E+06, -5.938776044734804E+07
2461688.500000000, A.D. 2027-Oct-10 00:00:00.0000,  1.531774558967061E+08, -3.685539192351699E+05, -6.044783662018225E+07
2461689.500000000, A.D. 2027-Oct-11 00:00:00.0000,  1.540519662012077E+08,  1.653992560543541E+06, -6.149448176743110E+07
2461690.500000000, A.D. 2027-Oct-12 00:00:00.0000,  1.548930148994530E+08,  3.676061355753738E+06, -6.252776109058186E+07
2461691.500000000, A.D. 2027-Oct-13 00:00:00.0000,  1.557011416671744E+08,  5.697232835372757E+06, -6.354774182684892E+07
2461692.500000000, A.D. 2027-Oct-14 00:00:00.0000,  1.564768748632514E+08,  7.717105378232151E+06, -6.455449300035526E+07
2461693.500000000, A.D. 2027-Oct-15 00:00:00.0000,  1.572207317268589E+08,  9.735294490465939E+06, -6.554808519356189E+07
2461694.500000000, A.D. 2027-Oct-16 00:00:00.0000,  1.579332185810331E+08,  1.175143196942239E+07, -6.652859033735937E+07
2461695.500000000, A.D. 2027-Oct-17 00:00:00.0000,  1.586148310411822E+08,  1.376516511150432E+07, -6.749608151836024E+07
2461696.500000000, A.D. 2027-Oct-18 00:00:00.0000,  1.592660542272527E+08,  1.577615596153398E+07, -6.845063280204785E+07
2461697.500000000, A.D. 2027-Oct-19 00:00:00.0000,  1.598873629784134E+08,  1.778408060136148E+07, -6.939231907053997E+07
2461698.500000000, A.D. 2027-Oct-20 00:00:00.0000,  1.604792220692653E+08,  1.978862847555821E+07, -7.032121587382755E+07
2461699.500000000, A.D. 2027-Oct-21 00:00:00.0000,  1.610420864267097E+08,  2.178950175215128E+07, -7.123739929343550E+07
2461700.500000000, A.D. 2027-Oct-22 00:00:00.0000,  1.615764013467177E+08,  2.378641471646634E+07, -7.214094581753691E+07
2461701.500000000, A.D. 2027-Oct-23 00:00:00.0000,  1.620826027103454E+08,  2.577909319624922E+07, -7.303193222662739E+07
2461702.500000000, A.D. 2027-Oct-24 00:00:00.0000,  1.625611171984291E+08,  2.776727401634523E+07, -7.391043548893796E+07
2461703.500000000, A.D. 2027-Oct-25 00:00:00.0000,  1.630123625044687E+08,  2.975070448129923E+07, -7.477653266482517E+07
2461704.500000000, A.D. 2027-Oct-26 00:00:00.0000,  1.634367475452845E+08,  3.172914188434404E+07, -7.563030081944352E+07
2461705.500000000, A.D. 2027-Oct-27 00:00:00.0000,  1.638346726690892E+08,  3.370235304132029E+07, -7.647181694305129E+07
2461706.500000000, A.D. 2027-Oct-28 00:00:00.0000,  1.642065298606744E+08,  3.567011384816013E+07, -7.730115787835908E+07
2461707.500000000, A.D. 2027-Oct-29 00:00:00.0000,  1.645527029434603E+08,  3.763220886064234E+07, -7.811840025437051E+07
2461708.500000000, A.D. 2027-Oct-30 00:00:00.0000,  1.648735677782001E+08,  3.958843089519908E+07, -7.892362042621142E+07
2461709.500000000, A.D. 2027-Oct-31 00:00:00.0000,  1.651694924581686E+08,  4.153858064962655E+07, -7.971689442048080E+07
2461710.500000000, A.D. 2027-Nov-01 00:00:00.0000,  1.654408375006989E+08,  4.348246634261490E+07, -8.049829788569309E+07
2461711.500000000, A.D. 2027-Nov-02 00:00:00.0000,  1.656879560349604E+08,  4.541990337107629E+07, -8.126790604741614E+07
2461712.500000000, A.D. 2027-Nov-03 00:00:00.0000,  1.659111939858997E+08,  4.735071398430761E+07, -8.202579366773787E+07
2461713.500000000, A.D. 2027-Nov-04 00:00:00.0000,  1.661108902542844E+08,  4.927472697408009E+07, -8.277203500872453E+07
2461714.500000000, A.D. 2027-Nov-05 00:00:00.0000,  1.662873768928167E+08,  5.119177737979858E+07, -8.350670379955828E+07
2461715.500000000, A.D. 2027-Nov-06 00:00:00.0000,  1.664409792782952E+08,  5.310170620792396E+07, -8.422987320706671E+07
2461716.500000000, A.D. 2027-Nov-07 00:00:00.0000,  1.665720162798219E+08,  5.500436016489626E+07, -8.494161580937827E+07
2461717.500000000, A.D. 2027-Nov-08 00:00:00.0000,  1.666808004230659E+08,  5.689959140284117E+07, -8.564200357245834E+07
2461718.500000000, A.D. 2027-Nov-09 00:00:00.0000,  1.667676380506031E+08,  5.878725727738191E+07, -8.633110782929933E+07
2461719.500000000, A.D. 2027-Nov-10 00:00:00.0000,  1.668328294783644E+08,  6.066722011691769E+07, -8.700899926155540E+07
2461720.500000000, A.D. 2027-Nov-11 00:00:00.0000,  1.668766691482336E+08,  6.253934700276586E+07, -8.767574788342844E+07
2461721.500000000, A.D. 2027-Nov-12 00:00:00.0000,  1.668994457768405E+08,  6.440350955959873E+07, -8.833142302762654E+07
2461722.500000000, A.D. 2027-Nov-13 00:00:00.0000,  1.669014425006047E+08,  6.625958375563867E+07, -8.897609333322993E+07
2461723.500000000, A.D. 2027-Nov-14 00:00:00.0000,  1.668829370170875E+08,  6.810744971210399E+07, -8.960982673531163E+07
2461724.500000000, A.D. 2027-Nov-15 00:00:00.0000,  1.668442017227168E+08,  6.994699152142766E+07, -9.023269045617178E+07
2461725.500000000, A.D. 2027-Nov-16 00:00:00.0000,  1.667855038469505E+08,  7.177809707379727E+07, -9.084475099805522E+07
2461726.500000000, A.D. 2027-Nov-17 00:00:00.0000,  1.667071055829480E+08,  7.360065789158893E+07, -9.144607413723183E+07
2461727.500000000, A.D. 2027-Nov-18 00:00:00.0000,  1.666092642148236E+08,  7.541456897129290E+07, -9.203672491932777E+07
2461728.500000000, A.D. 2027-Nov-19 00:00:00.0000,  1.664922322415525E+08,  7.721972863254952E+07, -9.261676765580525E+07
2461729.500000000, A.D. 2027-Nov-20 00:00:00.0000,  1.663562574976074E+08,  7.901603837393609E+07, -9.318626592149457E+07
2461730.500000000, A.D. 2027-Nov-21 00:00:00.0000,  1.662015832703989E+08,  8.080340273516402E+07, -9.374528255309114E+07
2461731.500000000, A.D. 2027-Nov-22 00:00:00.0000,  1.660284484145973E+08,  8.258172916536538E+07, -9.429387964853521E+07
2461732.500000000, A.D. 2027-Nov-23 00:00:00.0000,  1.658370874634124E+08,  8.435092789716421E+07, -9.483211856719959E+07
2461733.500000000, A.D. 2027-Nov-24 00:00:00.0000,  1.656277307369062E+08,  8.611091182624514E+07, -9.536005993081492E+07
2461734.500000000, A.D. 2027-Nov-25 00:00:00.0000,  1.654006044474156E+08,  8.786159639614722E+07, -9.587776362506865E+07
2461735.500000000, A.D. 2027-Nov-26 00:00:00.0000,  1.651559308021607E+08,  8.960289948802552E+07, -9.638528880181757E+07
2461736.500000000, A.D. 2027-Nov-27 00:00:00.0000,  1.648939281031116E+08,  9.133474131513651E+07, -9.688269388185900E+07
2461737.500000000, A.D. 2027-Nov-28 00:00:00.0000,  1.646148108441895E+08,  9.305704432181688E+07, -9.737003655820975E+07
2461738.500000000, A.D. 2027-Nov-29 00:00:00.0000,  1.643187898058738E+08,  9.476973308673657E+07, -9.784737379984522E+07
2461739.500000000, A.D. 2027-Nov-30 00:00:00.0000,  1.640060721472867E+08,  9.647273423021996E+07, -9.831476185585566E+07
2461740.500000000, A.D. 2027-Dec-01 00:00:00.0000,  1.636768614958257E+08,  9.816597632543793E+07, -9.877225625997873E+07
2461741.500000000, A.D. 2027-Dec-02 00:00:00.0000,  1.633313580344143E+08,  9.984938981328617E+07, -9.921991183547151E+07
2461742.500000000, A.D. 2027-Dec-03 00:00:00.0000,  1.629697585864366E+08,  1.015229069207724E+08, -9.965778270028740E+07
2461743.500000000, A.D. 2027-Dec-04 00:00:00.0000,  1.625922566984243E+08,  1.031864615827459E+08, -1.000859222725259E+08
2461744.500000000, A.D. 2027-Dec-05 00:00:00.0000,  1.621990427205596E+08,  1.048399893668115E+08, -1.005043832761266E+08
2461745.500000000, A.D. 2027-Dec-06 00:00:00.0000,  1.617903038850580E+08,  1.064834274012763E+08, -1.009132177467789E+08
2461746.500000000, A.D. 2027-Dec-07 00:00:00.0000,  1.613662243824935E+08,  1.081167143059877E+08, -1.013124770380243E+08
2461747.500000000, A.D. 2027-Dec-08 00:00:00.0000,  1.609269854361257E+08,  1.097397901259269E+08, -1.017022118275265E+08
2461748.500000000, A.D. 2027-Dec-09 00:00:00.0000,  1.604727653742894E+08,  1.113525962674296E+08, -1.020824721234888E+08
2461749.500000000, A.D. 2027-Dec-10 00:00:00.0000,  1.600037397009026E+08,  1.129550754369103E+08, -1.024533072711992E+08
2461750.500000000, A.D. 2027-Dec-11 00:00:00.0000,  1.595200811641502E+08,  1.145471715819777E+08, -1.028147659596844E+08
2461751.500000000, A.D. 2027-Dec-12 00:00:00.0000,  1.590219598233983E+08,  1.161288298348262E+08, -1.031668962284574E+08
2461752.500000000, A.D. 2027-Dec-13 00:00:00.0000,  1.585095431143908E+08,  1.176999964578039E+08, -1.035097454743418E+08
2461753.500000000, A.D. 2027-Dec-14 00:00:00.0000,  1.579829959127817E+08,  1.192606187910531E+08, -1.038433604583593E+08
2461754.500000000, A.D. 2027-Dec-15 00:00:00.0000,  1.574424805960530E+08,  1.208106452021316E+08, -1.041677873126683E+08
2461755.500000000, A.D. 2027-Dec-16 00:00:00.0000,  1.568881571038666E+08,  1.223500250375235E+08, -1.044830715475399E+08
2461756.500000000, A.D. 2027-Dec-17 00:00:00.0000,  1.563201829968987E+08,  1.238787085759541E+08, -1.047892580583622E+08
2461757.500000000, A.D. 2027-Dec-18 00:00:00.0000,  1.557387135142024E+08,  1.253966469834274E+08, -1.050863911326613E+08
2461758.500000000, A.D. 2027-Dec-19 00:00:00.0000,  1.551439016291439E+08,  1.269037922699082E+08, -1.053745144571314E+08
2461759.500000000, A.D. 2027-Dec-20 00:00:00.0000,  1.545358981039560E+08,  1.284000972475758E+08, -1.056536711246638E+08
2461760.500000000, A.D. 2027-Dec-21 00:00:00.0000,  1.539148515429507E+08,  1.298855154905787E+08, -1.059239036413688E+08
2461761.500000000, A.D. 2027-Dec-22 00:00:00.0000,  1.532809084444332E+08,  1.313600012962212E+08, -1.061852539335828E+08
2461762.500000000, A.D. 2027-Dec-23 00:00:00.0000,  1.526342132513568E+08,  1.328235096475225E+08, -1.064377633548537E+08
2461763.500000000, A.D. 2027-Dec-24 00:00:00.0000,  1.519749084007576E+08,  1.342759961770822E+08, -1.066814726929001E+08
2461764.500000000, A.D. 2027-Dec-25 00:00:00.0000,  1.513031343720069E+08,  1.357174171321982E+08, -1.069164221765378E+08
2461765.500000000, A.D. 2027-Dec-26 00:00:00.0000,  1.506190297339179E+08,  1.371477293411793E+08, -1.071426514825698E+08
2461766.500000000, A.D. 2027-Dec-27 00:00:00.0000,  1.499227311907425E+08,  1.385668901808008E+08, -1.073601997426348E+08
2461767.500000000, A.D. 2027-Dec-28 00:00:00.0000,  1.492143736270930E+08,  1.399748575448521E+08, -1.075691055500109E+08
2461768.500000000, A.D. 2027-Dec-29 00:00:00.0000,  1.484940901518212E+08,  1.413715898137288E+08, -1.077694069663710E+08
2461769.500000000, A.D. 2027-Dec-30 00:00:00.0000,  1.477620121408894E+08,  1.427570458250225E+08, -1.079611415284866E+08
2461770.500000000, A.D. 2027-Dec-31 00:00:00.0000,  1.470182692792627E+08,  1.441311848450650E+08, -1.081443462548767E+08
2461771.500000000, A.D. 2028-Jan-01 00:00:00.0000,  1.462629896018557E+08,  1.454939665413855E+08, -1.083190576524021E+08
2461772.500000000, A.D. 2028-Jan-02 00:00:00.0000,  1.454962995335618E+08,  1.468453509560397E+08, -1.084853117227985E+08
2461773.500000000, A.D. 2028-Jan-03 00:00:00.0000,  1.447183239283946E+08,  1.481852984797725E+08, -1.086431439691506E+08
2461774.500000000, A.D. 2028-Jan-04 00:00:00.0000,  1.439291861077698E+08,  1.495137698269797E+08, -1.087925894023041E+08
2461775.500000000, A.D. 2028-Jan-05 00:00:00.0000,  1.431290078979550E+08,  1.508307260114302E+08, -1.089336825472136E+08
2461776.500000000, A.D. 2028-Jan-06 00:00:00.0000,  1.423179096667139E+08,  1.521361283227189E+08, -1.090664574492260E+08
2461777.500000000, A.D. 2028-Jan-07 00:00:00.0000,  1.414960103591702E+08,  1.534299383034157E+08, -1.091909476802998E+08
2461778.500000000, A.D. 2028-Jan-08 00:00:00.0000,  1.406634275329179E+08,  1.547121177268809E+08, -1.093071863451567E+08
2461779.500000000, A.D. 2028-Jan-09 00:00:00.0000,  1.398202773924006E+08,  1.559826285757176E+08, -1.094152060873668E+08
2461780.500000000, A.D. 2028-Jan-10 00:00:00.0000,  1.389666748225854E+08,  1.572414330208327E+08, -1.095150390953680E+08
2461781.500000000, A.D. 2028-Jan-11 00:00:00.0000,  1.381027334219524E+08,  1.584884934010796E+08, -1.096067171084163E+08
2461782.500000000, A.D. 2028-Jan-12 00:00:00.0000,  1.372285655348249E+08,  1.597237722034568E+08, -1.096902714224708E+08
2461783.500000000, A.D. 2028-Jan-13 00:00:00.0000,  1.363442822830600E+08,  1.609472320438372E+08, -1.097657328960090E+08
2461784.500000000, A.D. 2028-Jan-14 00:00:00.0000,  1.354499935971220E+08,  1.621588356482049E+08, -1.098331319557774E+08
2461785.500000000, A.D. 2028-Jan-15 00:00:00.0000,  1.345458082465596E+08,  1.633585458343765E+08, -1.098924986024728E+08
2461786.500000000, A.D. 2028-Jan-16 00:00:00.0000,  1.336318338699068E+08,  1.645463254941822E+08, -1.099438624163589E+08
2461787.500000000, A.D. 2028-Jan-17 00:00:00.0000,  1.327081770040254E+08,  1.657221375760927E+08, -1.099872525628147E+08
2461788.500000000, A.D. 2028-Jan-18 00:00:00.0000,  1.317749431129120E+08,  1.668859450682620E+08, -1.100226977978177E+08
2461789.500000000, A.D. 2028-Jan-19 00:00:00.0000,  1.308322366159853E+08,  1.680377109819732E+08, -1.100502264733616E+08
2461790.500000000, A.D. 2028-Jan-20 00:00:00.0000,  1.298801609158721E+08,  1.691773983354680E+08, -1.100698665428087E+08
2461791.500000000, A.D. 2028-Jan-21 00:00:00.0000,  1.289188184257103E+08,  1.703049701381389E+08, -1.100816455661783E+08
2461792.500000000, A.D. 2028-Jan-22 00:00:00.0000,  1.279483105959854E+08,  1.714203893750699E+08, -1.100855907153700E+08
2461793.500000000, A.D. 2028-Jan-23 00:00:00.0000,  1.269687379409182E+08,  1.725236189919069E+08, -1.100817287793257E+08
2461794.500000000, A.D. 2028-Jan-24 00:00:00.0000,  1.259802000644191E+08,  1.736146218800442E+08, -1.100700861691281E+08
2461795.500000000, A.D. 2028-Jan-25 00:00:00.0000,  1.249827956856259E+08,  1.746933608621095E+08, -1.100506889230398E+08
2461796.500000000, A.D. 2028-Jan-26 00:00:00.0000,  1.239766226640395E+08,  1.757597986777343E+08, -1.100235627114803E+08
2461797.500000000, A.D. 2028-Jan-27 00:00:00.0000,  1.229617780242750E+08,  1.768138979695952E+08, -1.099887328419469E+08
2461798.500000000, A.D. 2028-Jan-28 00:00:00.0000,  1.219383579804407E+08,  1.778556212697117E+08, -1.099462242638760E+08
2461799.500000000, A.D. 2028-Jan-29 00:00:00.0000,  1.209064579601632E+08,  1.788849309859880E+08, -1.098960615734502E+08
2461800.500000000, A.D. 2028-Jan-30 00:00:00.0000,  1.198661726282692E+08,  1.799017893889856E+08, -1.098382690183491E+08
2461801.500000000, A.D. 2028-Jan-31 00:00:00.0000,  1.188175959101417E+08,  1.809061585989138E+08, -1.097728705024474E+08
2461802.500000000, A.D. 2028-Feb-01 00:00:00.0000,  1.177608210147622E+08,  1.818980005728270E+08, -1.096998895904605E+08
2461803.500000000, A.D. 2028-Feb-02 00:00:00.0000,  1.166959404574540E+08,  1.828772770920164E+08, -1.096193495125393E+08
2461804.500000000, A.D. 2028-Feb-03 00:00:00.0000,  1.156230460823390E+08,  1.838439497495849E+08, -1.095312731688151E+08
2461805.500000000, A.D. 2028-Feb-04 00:00:00.0000,  1.145422290845209E+08,  1.847979799381947E+08, -1.094356831338961E+08
2461806.500000000, A.D. 2028-Feb-05 00:00:00.0000,  1.134535800320097E+08,  1.857393288379763E+08, -1.093326016613181E+08
2461807.500000000, A.D. 2028-Feb-06 00:00:00.0000,  1.123571888873970E+08,  1.866679574045897E+08, -1.092220506879483E+08
2461808.500000000, A.D. 2028-Feb-07 00:00:00.0000,  1.112531450292972E+08,  1.875838263574272E+08, -1.091040518383459E+08
2461809.500000000, A.D. 2028-Feb-08 00:00:00.0000,  1.101415372735657E+08,  1.884868961679479E+08, -1.089786264290808E+08
2461810.500000000, A.D. 2028-Feb-09 00:00:00.0000,  1.090224538943061E+08,  1.893771270481356E+08, -1.088457954730102E+08
2461811.500000000, A.D. 2028-Feb-10 00:00:00.0000,  1.078959826446792E+08,  1.902544789390706E+08, -1.087055796835170E+08
2461812.500000000, A.D. 2028-Feb-11 00:00:00.0000,  1.067622107775246E+08,  1.911189114996061E+08, -1.085579994787107E+08
2461813.500000000, A.D. 2028-Feb-12 00:00:00.0000,  1.056212250658073E+08,  1.919703840951411E+08, -1.084030749855918E+08
2461814.500000000, A.D. 2028-Feb-13 00:00:00.0000,  1.044731118229006E+08,  1.928088557864820E+08, -1.082408260441823E+08
2461815.500000000, A.D. 2028-Feb-14 00:00:00.0000,  1.033179569227173E+08,  1.936342853187833E+08, -1.080712722116243E+08
2461816.500000000, A.D. 2028-Feb-15 00:00:00.0000,  1.021558458196990E+08,  1.944466311105618E+08, -1.078944327662476E+08
2461817.500000000, A.D. 2028-Feb-16 00:00:00.0000,  1.009868635686775E+08,  1.952458512427744E+08, -1.077103267116089E+08
2461818.500000000, A.D. 2028-Feb-17 00:00:00.0000,  9.981109484461685E+07,  1.960319034479512E+08, -1.075189727805035E+08
2461819.500000000, A.D. 2028-Feb-18 00:00:00.0000,  9.862862396224822E+07,  1.968047450993823E+08, -1.073203894389532E+08
2461820.500000000, A.D. 2028-Feb-19 00:00:00.0000,  9.743953489560966E+07,  1.975643332003424E+08, -1.071145948901700E+08
2461821.500000000, A.D. 2028-Feb-20 00:00:00.0000,  9.624391129750042E+07,  1.983106243733536E+08, -1.069016070784994E+08
2461822.500000000, A.D. 2028-Feb-21 00:00:00.0000,  9.504183651886174E+07,  1.990435748494736E+08, -1.066814436933438E+08
2461823.500000000, A.D. 2028-Feb-22 00:00:00.0000,  9.383339362809391E+07,  1.997631404576100E+08, -1.064541221730704E+08
2461824.500000000, A.D. 2028-Feb-23 00:00:00.0000,  9.261866543032266E+07,  2.004692766138445E+08, -1.062196597089024E+08
2461825.500000000, A.D. 2028-Feb-24 00:00:00.0000,  9.139773448662375E+07,  2.011619383107683E+08, -1.059780732487972E+08
2461826.500000000, A.D. 2028-Feb-25 00:00:00.0000,  9.017068313321827E+07,  2.018410801068183E+08, -1.057293795013153E+08
2461827.500000000, A.D. 2028-Feb-26 00:00:00.0000,  8.893759350064856E+07,  2.025066561156099E+08, -1.054735949394789E+08
2461828.500000000, A.D. 2028-Feb-27 00:00:00.0000,  8.769854753294669E+07,  2.031586199952579E+08, -1.052107358046249E+08
2461829.500000000, A.D. 2028-Feb-28 00:00:00.0000,  8.645362700680541E+07,  2.037969249376802E+08, -1.049408181102522E+08
2461830.500000000, A.D. 2028-Feb-29 00:00:00.0000,  8.520291355076499E+07,  2.044215236578819E+08, -1.046638576458699E+08
2461831.500000000, A.D. 2028-Mar-01 00:00:00.0000,  8.394648866442384E+07,  2.050323683832065E+08, -1.043798699808424E+08
2461832.500000000, A.D. 2028-Mar-02 00:00:00.0000,  8.268443373768686E+07,  2.056294108425543E+08, -1.040888704682394E+08
2461833.500000000, A.D. 2028-Mar-03 00:00:00.0000,  8.141683007006170E+07,  2.062126022555612E+08, -1.037908742486901E+08
2461834.500000000, A.D. 2028-Mar-04 00:00:00.0000,  8.014375889001459E+07,  2.067818933217290E+08, -1.034858962542456E+08
2461835.500000000, A.D. 2028-Mar-05 00:00:00.0000,  7.886530137439722E+07,  2.073372342095065E+08, -1.031739512122515E+08
2461836.500000000, A.D. 2028-Mar-06 00:00:00.0000,  7.758153866795613E+07,  2.078785745453105E+08, -1.028550536492326E+08
2461837.500000000, A.D. 2028-Mar-07 00:00:00.0000,  7.629255190293744E+07,  2.084058634024856E+08, -1.025292178947942E+08
2461838.500000000, A.D. 2028-Mar-08 00:00:00.0000,  7.499842221879697E+07,  2.089190492901945E+08, -1.021964580855410E+08
2461839.500000000, A.D. 2028-Mar-09 00:00:00.0000,  7.369923078202958E+07,  2.094180801422338E+08, -1.018567881690173E+08
2461840.500000000, A.D. 2028-Mar-10 00:00:00.0000,  7.239505880612926E+07,  2.099029033057718E+08, -1.015102219076720E+08
2461841.500000000, A.D. 2028-Mar-11 00:00:00.0000,  7.108598757169247E+07,  2.103734655299992E+08, -1.011567728828494E+08
2461842.500000000, A.D. 2028-Mar-12 00:00:00.0000,  6.977209844667728E+07,  2.108297129546915E+08, -1.007964544988119E+08
2461843.500000000, A.D. 2028-Mar-13 00:00:00.0000,  6.845347290683176E+07,  2.112715910986744E+08, -1.004292799867945E+08
2461844.500000000, A.D. 2028-Mar-14 00:00:00.0000,  6.713019255630380E+07,  2.116990448481889E+08, -1.000552624090977E+08
2461845.500000000, A.D. 2028-Mar-15 00:00:00.0000,  6.580233914844650E+07,  2.121120184451496E+08, -9.967441466321933E+07
2461846.500000000, A.D. 2028-Mar-16 00:00:00.0000,  6.446999460683250E+07,  2.125104554752919E+08, -9.928674948603097E+07
2461847.500000000, A.D. 2028-Mar-17 00:00:00.0000,  6.313324104649096E+07,  2.128942988562025E+08, -9.889227945800115E+07
2461848.500000000, A.D. 2028-Mar-18 00:00:00.0000,  6.179216079538154E+07,  2.132634908252271E+08, -9.849101700747010E+07
2461849.500000000, A.D. 2028-Mar-19 00:00:00.0000,  6.044683641612005E+07,  2.136179729272516E+08, -9.808297441497946E+07
2461850.500000000, A.D. 2028-Mar-20 00:00:00.0000,  5.909735072797021E+07,  2.139576860023505E+08, -9.766816381766109E+07
2461851.500000000, A.D. 2028-Mar-21 00:00:00.0000,  5.774378682911704E+07,  2.142825701732977E+08, -9.724659721368894E+07
2461852.500000000, A.D. 2028-Mar-22 00:00:00.0000,  5.638622811923733E+07,  2.145925648329340E+08, -9.681828646679890E+07
2461853.500000000, A.D. 2028-Mar-23 00:00:00.0000,  5.502475832238313E+07,  2.148876086313874E+08, -9.638324331088042E+07
2461854.500000000, A.D. 2028-Mar-24 00:00:00.0000,  5.365946151019453E+07,  2.151676394631391E+08, -9.594147935464500E+07
2461855.500000000, A.D. 2028-Mar-25 00:00:00.0000,  5.229042212545881E+07,  2.154325944539315E+08, -9.549300608637612E+07
2461856.500000000, A.D. 2028-Mar-26 00:00:00.0000,  5.091772500603279E+07,  2.156824099475130E+08, -9.503783487876582E+07
2461857.500000000, A.D. 2028-Mar-27 00:00:00.0000,  4.954145540914648E+07,  2.159170214922132E+08, -9.457597699384312E+07
2461858.500000000, A.D. 2028-Mar-28 00:00:00.0000,  4.816169903610601E+07,  2.161363638273450E+08, -9.410744358799928E+07
2461859.500000000, A.D. 2028-Mar-29 00:00:00.0000,  4.677854205741471E+07,  2.163403708694261E+08, -9.363224571711610E+07
2461860.500000000, A.D. 2028-Mar-30 00:00:00.0000,  4.539207113833164E+07,  2.165289756982186E+08, -9.315039434180258E+07
2461861.500000000, A.D. 2028-Mar-31 00:00:00.0000,  4.400237346488734E+07,  2.167021105425765E+08, -9.266190033274640E+07
2461862.500000000, A.D. 2028-Apr-01 00:00:00.0000,  4.260953677037749E+07,  2.168597067661011E+08, -9.216677447618611E+07
2461863.500000000, A.D. 2028-Apr-02 00:00:00.0000,  4.121364936235539E+07,  2.170016948525946E+08, -9.166502747951098E+07
2461864.500000000, A.D. 2028-Apr-03 00:00:00.0000,  3.981480015014526E+07,  2.171280043913107E+08, -9.115666997699516E+07
2461865.500000000, A.D. 2028-Apr-04 00:00:00.0000,  3.841307867289867E+07,  2.172385640619943E+08, -9.064171253567314E+07
2461866.500000000, A.D. 2028-Apr-05 00:00:00.0000,  3.700857512821741E+07,  2.173333016197065E+08, -9.012016566136415E+07
2461867.500000000, A.D. 2028-Apr-06 00:00:00.0000,  3.560138040136693E+07,  2.174121438794301E+08, -8.959203980485320E+07
2461868.500000000, A.D. 2028-Apr-07 00:00:00.0000,  3.419158609510486E+07,  2.174750167004497E+08, -8.905734536823653E+07
2461869.500000000, A.D. 2028-Apr-08 00:00:00.0000,  3.277928456015042E+07,  2.175218449705025E+08, -8.851609271144044E+07
2461870.500000000, A.D. 2028-Apr-09 00:00:00.0000,  3.136456892632136E+07,  2.175525525896932E+08, -8.796829215892158E+07
2461871.500000000, A.D. 2028-Apr-10 00:00:00.0000,  2.994753313436564E+07,  2.175670624541713E+08, -8.741395400655855E+07
2461872.500000000, A.D. 2028-Apr-11 00:00:00.0000,  2.852827196851622E+07,  2.175652964395624E+08, -8.685308852874406E+07
2461873.500000000, A.D. 2028-Apr-12 00:00:00.0000,  2.710688108979902E+07,  2.175471753841509E+08, -8.628570598568729E+07
2461874.500000000, A.D. 2028-Apr-13 00:00:00.0000,  2.568345707012362E+07,  2.175126190718097E+08, -8.571181663093790E+07
2461875.500000000, A.D. 2028-Apr-14 00:00:00.0000,  2.425809742718902E+07,  2.174615462146708E+08, -8.513143071914177E+07
2461876.500000000, A.D. 2028-Apr-15 00:00:00.0000,  2.283090066023715E+07,  2.173938744355346E+08, -8.454455851404005E+07
2461877.500000000, A.D. 2028-Apr-16 00:00:00.0000,  2.140196628668806E+07,  2.173095202500112E+08, -8.395121029672399E+07
2461878.500000000, A.D. 2028-Apr-17 00:00:00.0000,  1.997139487969222E+07,  2.172083990483912E+08, -8.335139637415725E+07
2461879.500000000, A.D. 2028-Apr-18 00:00:00.0000,  1.853928810663719E+07,  2.170904250772418E+08, -8.274512708797975E+07
2461880.500000000, A.D. 2028-Apr-19 00:00:00.0000,  1.710574876864492E+07,  2.169555114207228E+08, -8.213241282360482E+07
2461881.500000000, A.D. 2028-Apr-20 00:00:00.0000,  1.567088084110194E+07,  2.168035699816207E+08, -8.151326401962651E+07
2461882.500000000, A.D. 2028-Apr-21 00:00:00.0000,  1.423478951526394E+07,  2.166345114620947E+08, -8.088769117754915E+07
2461883.500000000, A.D. 2028-Apr-22 00:00:00.0000,  1.279758124096896E+07,  2.164482453441354E+08, -8.025570487185679E+07
2461884.500000000, A.D. 2028-Apr-23 00:00:00.0000,  1.135936377051823E+07,  2.162446798697265E+08, -7.961731576043677E+07
2461885.500000000, A.D. 2028-Apr-24 00:00:00.0000,  9.920246203757560E+06,  2.160237220207129E+08, -7.897253459537601E+07
2461886.500000000, A.D. 2028-Apr-25 00:00:00.0000,  8.480339034412315E+06,  2.157852774983691E+08, -7.832137223414770E+07
2461887.500000000, A.D. 2028-Apr-26 00:00:00.0000,  7.039754197725473E+06,  2.155292507026666E+08, -7.766383965120625E+07
2461888.500000000, A.D. 2028-Apr-27 00:00:00.0000,  5.598605119449229E+06,  2.152555447112396E+08, -7.699994795001157E+07
2461889.500000000, A.D. 2028-Apr-28 00:00:00.0000,  4.157006766244576E+06,  2.149640612580455E+08, -7.632970837550265E+07
2461890.500000000, A.D. 2028-Apr-29 00:00:00.0000,  2.715075697544371E+06,  2.146547007117228E+08, -7.565313232704335E+07
2461891.500000000, A.D. 2028-Apr-30 00:00:00.0000,  1.272930118938665E+06,  2.143273620536435E+08, -7.497023137186302E+07
2461892.500000000, A.D. 2028-May-01 00:00:00.0000, -1.693100628569663E+05,  2.139819428556618E+08, -7.428101725901604E+07
2461893.500000000, A.D. 2028-May-02 00:00:00.0000, -1.611523183386537E+06,  2.136183392575602E+08, -7.358550193388633E+07
2461894.500000000, A.D. 2028-May-03 00:00:00.0000, -3.053585762125995E+06,  2.132364459441929E+08, -7.288369755326293E+07
2461895.500000000, A.D. 2028-May-04 00:00:00.0000, -4.495372442373861E+06,  2.128361561223316E+08, -7.217561650101489E+07
2461896.500000000, A.D. 2028-May-05 00:00:00.0000, -5.936755929288202E+06,  2.124173614972142E+08, -7.146127140439478E+07
2461897.500000000, A.D. 2028-May-06 00:00:00.0000, -7.377606925995062E+06,  2.119799522488011E+08, -7.074067515100171E+07
2461898.500000000, A.D. 2028-May-07 00:00:00.0000, -8.817794067690123E+06,  2.115238170077445E+08, -7.001384090643649E+07
2461899.500000000, A.D. 2028-May-08 00:00:00.0000, -1.025718385365216E+07,  2.110488428310764E+08, -6.928078213268267E+07
2461900.500000000, A.D. 2028-May-09 00:00:00.0000, -1.169564057708321E+07,  2.105549151776210E+08, -6.854151260724980E+07
2461901.500000000, A.D. 2028-May-10 00:00:00.0000, -1.313302625268685E+07,  2.100419178831420E+08, -6.779604644311653E+07
2461902.500000000, A.D. 2028-May-11 00:00:00.0000, -1.456920054189174E+07,  2.095097331352327E+08, -6.704439810951368E+07
2461903.500000000, A.D. 2028-May-12 00:00:00.0000, -1.600402067562408E+07,  2.089582414479600E+08, -6.628658245358860E+07
2461904.500000000, A.D. 2028-May-13 00:00:00.0000, -1.743734137452776E+07,  2.083873216362772E+08, -6.552261472299602E+07
2461905.500000000, A.D. 2028-May-14 00:00:00.0000, -1.886901476652682E+07,  2.077968507902161E+08, -6.475251058946112E+07
2461906.500000000, A.D. 2028-May-15 00:00:00.0000, -2.029889030162011E+07,  2.071867042488797E+08, -6.397628617336456E+07
2461907.500000000, A.D. 2028-May-16 00:00:00.0000, -2.172681466379305E+07,  2.065567555742495E+08, -6.319395806940100E+07
2461908.500000000, A.D. 2028-May-17 00:00:00.0000, -2.315263167992602E+07,  2.059068765248311E+08, -6.240554337336583E+07
2461909.500000000, A.D. 2028-May-18 00:00:00.0000, -2.457618222557388E+07,  2.052369370291606E+08, -6.161105971012802E+07
2461910.500000000, A.D. 2028-May-19 00:00:00.0000, -2.599730412748495E+07,  2.045468051591962E+08, -6.081052526284941E+07
2461911.500000000, A.D. 2028-May-20 00:00:00.0000, -2.741583206272216E+07,  2.038363471036267E+08, -6.000395880351531E+07
2461912.500000000, A.D. 2028-May-21 00:00:00.0000, -2.883159745424249E+07,  2.031054271411267E+08, -5.919137972484384E+07
2461913.500000000, A.D. 2028-May-22 00:00:00.0000, -3.024442836278440E+07,  2.023539076135942E+08, -5.837280807364562E+07
2461914.500000000, A.D. 2028-May-23 00:00:00.0000, -3.165414937490597E+07,  2.015816488994106E+08, -5.754826458570965E+07
2461915.500000000, A.D. 2028-May-24 00:00:00.0000, -3.306058148700931E+07,  2.007885093867666E+08, -5.671777072229540E+07
2461916.500000000, A.D. 2028-May-25 00:00:00.0000, -3.446354198517878E+07,  1.999743454471003E+08, -5.588134870831531E+07
2461917.500000000, A.D. 2028-May-26 00:00:00.0000, -3.586284432065316E+07,  1.991390114087016E+08, -5.503902157229711E+07
2461918.500000000, A.D. 2028-May-27 00:00:00.0000, -3.725829798074295E+07,  1.982823595305396E+08, -5.419081318822077E+07
2461919.500000000, A.D. 2028-May-28 00:00:00.0000, -3.864970835499559E+07,  1.974042399763780E+08, -5.333674831932952E+07
2461920.500000000, A.D. 2028-May-29 00:00:00.0000, -4.003687659640168E+07,  1.965045007892458E+08, -5.247685266402090E+07
2461921.500000000, A.D. 2028-May-30 00:00:00.0000, -4.141959947742635E+07,  1.955829878663425E+08, -5.161115290392973E+07
2461922.500000000, A.D. 2028-May-31 00:00:00.0000, -4.279766924063868E+07,  1.946395449344596E+08, -5.073967675432150E+07
2461923.500000000, A.D. 2028-Jun-01 00:00:00.0000, -4.417087344370247E+07,  1.936740135260114E+08, -4.986245301692127E+07
2461924.500000000, A.D. 2028-Jun-02 00:00:00.0000, -4.553899479847985E+07,  1.926862329557739E+08, -4.897951163531125E+07
2461925.500000000, A.D. 2028-Jun-03 00:00:00.0000, -4.690181100398765E+07,  1.916760402984444E+08, -4.809088375303775E+07
2461926.500000000, A.D. 2028-Jun-04 00:00:00.0000, -4.825909457293409E+07,  1.906432703671383E+08, -4.719660177457613E+07
2461927.500000000, A.D. 2028-Jun-05 00:00:00.0000, -4.961061265155113E+07,  1.895877556929578E+08, -4.629669942931281E+07
2461928.500000000, A.D. 2028-Jun-06 00:00:00.0000, -5.095612683242297E+07,  1.885093265057727E+08, -4.539121183871047E+07
2461929.500000000, A.D. 2028-Jun-07 00:00:00.0000, -5.229539295999867E+07,  1.874078107163732E+08, -4.448017558683564E+07
2461930.500000000, A.D. 2028-Jun-08 00:00:00.0000, -5.362816092846119E+07,  1.862830339001615E+08, -4.356362879443608E+07
2461931.500000000, A.D. 2028-Jun-09 00:00:00.0000, -5.495417447160976E+07,  1.851348192825723E+08, -4.264161119676831E+07
2461932.500000000, A.D. 2028-Jun-10 00:00:00.0000, -5.627317094439701E+07,  1.839629877264233E+08, -4.171416422538760E+07
2461933.500000000, A.D. 2028-Jun-11 00:00:00.0000, -5.758488109574442E+07,  1.827673577214189E+08, -4.078133109412566E+07
2461934.500000000, A.D. 2028-Jun-12 00:00:00.0000, -5.888902883224344E+07,  1.815477453760477E+08, -3.984315688949485E+07
2461935.500000000, A.D. 2028-Jun-13 00:00:00.0000, -6.018533097232999E+07,  1.803039644121387E+08, -3.889968866577344E+07
2461936.500000000, A.D. 2028-Jun-14 00:00:00.0000, -6.147349699050196E+07,  1.790358261623647E+08, -3.795097554504138E+07
2461937.500000000, A.D. 2028-Jun-15 00:00:00.0000, -6.275322875112911E+07,  1.777431395710029E+08, -3.699706882245297E+07
2461938.500000000, A.D. 2028-Jun-16 00:00:00.0000, -6.402422023138400E+07,  1.764257111982996E+08, -3.603802207705151E+07
2461939.500000000, A.D. 2028-Jun-17 00:00:00.0000, -6.528615723280165E+07,  1.750833452288079E+08, -3.507389128844917E+07
2461940.500000000, A.D. 2028-Jun-18 00:00:00.0000, -6.653871708095307E+07,  1.737158434841053E+08, -3.410473495971614E+07
2461941.500000000, A.D. 2028-Jun-19 00:00:00.0000, -6.778156831269498E+07,  1.723230054403357E+08, -3.313061424684512E+07
2461942.500000000, A.D. 2028-Jun-20 00:00:00.0000, -6.901437035043435E+07,  1.709046282510558E+08, -3.215159309517969E+07
2461943.500000000, A.D. 2028-Jun-21 00:00:00.0000, -7.023677316282222E+07,  1.694605067759139E+08, -3.116773838322061E+07
2461944.500000000, A.D. 2028-Jun-22 00:00:00.0000, -7.144841691126591E+07,  1.679904336157329E+08, -3.017912007424945E+07
2461945.500000000, A.D. 2028-Jun-23 00:00:00.0000, -7.264893158162321E+07,  1.664941991546235E+08, -2.918581137623804E+07
2461946.500000000, A.D. 2028-Jun-24 00:00:00.0000, -7.383793660041560E+07,  1.649715916098077E+08, -2.818788891054134E+07
2461947.500000000, A.D. 2028-Jun-25 00:00:00.0000, -7.501504043487217E+07,  1.634223970898958E+08, -2.718543288990296E+07
2461948.500000000, A.D. 2028-Jun-26 00:00:00.0000, -7.617984017608663E+07,  1.618463996624262E+08, -2.617852730633780E+07
2461949.500000000, A.D. 2028-Jun-27 00:00:00.0000, -7.733192110454515E+07,  1.602433814315499E+08, -2.516726012949019E+07
2461950.500000000, A.D. 2028-Jun-28 00:00:00.0000, -7.847085623725379E+07,  1.586131226268224E+08, -2.415172351610663E+07
2461951.500000000, A.D. 2028-Jun-29 00:00:00.0000, -7.959620585566853E+07,  1.569554017041514E+08, -2.313201403130068E+07
2461952.500000000, A.D. 2028-Jun-30 00:00:00.0000, -8.070751701360376E+07,  1.552699954600455E+08, -2.210823288233308E+07
2461953.500000000, A.D. 2028-Jul-01 00:00:00.0000, -8.180432302426910E+07,  1.535566791604093E+08, -2.108048616567478E+07
2461954.500000000, A.D. 2028-Jul-02 00:00:00.0000, -8.288614292556186E+07,  1.518152266852464E+08, -2.004888512816955E+07
2461955.500000000, A.D. 2028-Jul-03 00:00:00.0000, -8.395248092271635E+07,  1.500454106907550E+08, -1.901354644316608E+07
2461956.500000000, A.D. 2028-Jul-04 00:00:00.0000, -8.500282580739348E+07,  1.482470027904317E+08, -1.797459250254223E+07
2461957.500000000, A.D. 2028-Jul-05 00:00:00.0000, -8.603665035227415E+07,  1.464197737569519E+08, -1.693215172560415E+07
2461958.500000000, A.D. 2028-Jul-06 00:00:00.0000, -8.705341068020563E+07,  1.445634937467490E+08, -1.588635888590329E+07
2461959.500000000, A.D. 2028-Jul-07 00:00:00.0000, -8.805254560694045E+07,  1.426779325493952E+08, -1.483735545707948E+07
2461960.500000000, A.D. 2028-Jul-08 00:00:00.0000, -8.903347595650080E+07,  1.407628598640743E+08, -1.378528997890694E+07
2461961.500000000, A.D. 2028-Jul-09 00:00:00.0000, -8.999560384820405E+07,  1.388180456056446E+08, -1.273031844479074E+07
2461962.500000000, A.D. 2028-Jul-10 00:00:00.0000, -9.093831195439254E+07,  1.368432602430207E+08, -1.167260471203832E+07
2461963.500000000, A.D. 2028-Jul-11 00:00:00.0000, -9.186096272792996E+07,  1.348382751728452E+08, -1.061232093630753E+07
2461964.500000000, A.D. 2028-Jul-12 00:00:00.0000, -9.276289759855527E+07,  1.328028631316970E+08, -9.549648031716511E+06
2461965.500000000, A.D. 2028-Jul-13 00:00:00.0000, -9.364343613722675E+07,  1.307367986503703E+08, -8.484776158184670E+06
2461966.500000000, A.D. 2028-Jul-14 00:00:00.0000, -9.450187518764764E+07,  1.286398585540854E+08, -7.417905237663977E+06
2461967.500000000, A.D. 2028-Jul-15 00:00:00.0000, -9.533748796423955E+07,  1.265118225128339E+08, -6.349245501009405E+06
2461968.500000000, A.D. 2028-Jul-16 00:00:00.0000, -9.614952311592682E+07,  1.243524736464452E+08, -5.279018067331038E+06
2461969.500000000, A.D. 2028-Jul-17 00:00:00.0000, -9.693720375521845E+07,  1.221615991893692E+08, -4.207455557765938E+06
2461970.500000000, A.D. 2028-Jul-18 00:00:00.0000, -9.769972645222428E+07,  1.199389912206181E+08, -3.134802745701395E+06
2461971.500000000, A.D. 2028-Jul-19 00:00:00.0000, -9.843626019342846E+07,  1.176844474647958E+08, -2.061317245578557E+06
2461972.500000000, A.D. 2028-Jul-20 00:00:00.0000, -9.914594530526529E+07,  1.153977721706635E+08, -9.872702424963638E+05
2461973.500000000, A.D. 2028-Jul-21 00:00:00.0000, -9.982789234281933E+07,  1.130787770742660E+08,  8.705273507143557E+04
2461974.500000000, A.D. 2028-Jul-22 00:00:00.0000, -1.004811809442878E+08,  1.107272824542469E+08,  1.161350997050643E+06
2461975.500000000, A.D. 2028-Jul-23 00:00:00.0000, -1.011048586522325E+08,  1.083431182876453E+08,  2.235307825558908E+06
2461976.500000000, A.D. 2028-Jul-24 00:00:00.0000, -1.016979397031028E+08,  1.059261255151764E+08,  3.308589558175586E+06
2461977.500000000, A.D. 2028-Jul-25 00:00:00.0000, -1.022594037870462E+08,  1.034761574257590E+08,  4.380844618097804E+06
2461978.500000000, A.D. 2028-Jul-26 00:00:00.0000, -1.027881947806536E+08,  1.009930811708608E+08,  5.451702488556840E+06
2461979.500000000, A.D. 2028-Jul-27 00:00:00.0000, -1.032832194560204E+08,  9.847677942010346E+07,  6.520772628859907E+06
2461980.500000000, A.D. 2028-Jul-28 00:00:00.0000, -1.037433461703641E+08,  9.592715217048517E+07,  7.587643329443380E+06
2461981.500000000, A.D. 2028-Jul-29 00:00:00.0000, -1.041674035414366E+08,  9.334411872254030E+07,  8.651880503379818E+06
2461982.500000000, A.D. 2028-Jul-30 00:00:00.0000, -1.045541791151255E+08,  9.072761983778009E+07,  9.713026411886547E+06
2461983.500000000, A.D. 2028-Jul-31 00:00:00.0000, -1.049024180329803E+08,  8.807762009280159E+07,  1.077059832154175E+07
2461984.500000000, A.D. 2028-Aug-01 00:00:00.0000, -1.052108217089345E+08,  8.539411044655803E+07,  1.182408709114539E+07
2461985.500000000, A.D. 2028-Aug-02 00:00:00.0000, -1.054780465262841E+08,  8.267711103838871E+07,  1.287295568647002E+07
2461986.500000000, A.D. 2028-Aug-03 00:00:00.0000, -1.057027025679935E+08,  7.992667423553419E+07,  1.391663762156164E+07
2461987.500000000, A.D. 2028-Aug-04 00:00:00.0000, -1.058833523957493E+08,  7.714288794998203E+07,  1.495453532577753E+07
2461988.500000000, A.D. 2028-Aug-05 00:00:00.0000, -1.060185098958032E+08,  7.432587924555394E+07,  1.598601843642101E+07
2461989.500000000, A.D. 2028-Aug-06 00:00:00.0000, -1.061066392126754E+08,  7.147581825716314E+07,  1.701042201766770E+07
2461990.500000000, A.D. 2028-Aug-07 00:00:00.0000, -1.061461537951695E+08,  6.859292244505772E+07,  1.802704470751535E+07
2461991.500000000, A.D. 2028-Aug-08 00:00:00.0000, -1.061354155830047E+08,  6.567746120760009E+07,  1.903514679574472E+07
2461992.500000000, A.D. 2028-Aug-09 00:00:00.0000, -1.060727343666770E+08,  6.272976087663082E+07,  2.003394823740923E+07
2461993.500000000, A.D. 2028-Aug-10 00:00:00.0000, -1.059563673579772E+08,  5.975021011966844E+07,  2.102262660820487E+07
2461994.500000000, A.D. 2028-Aug-11 00:00:00.0000, -1.057845190139698E+08,  5.673926577298884E+07,  2.200031501025661E+07
2461995.500000000, A.D. 2028-Aug-12 00:00:00.0000, -1.055553411631622E+08,  5.369745912891078E+07,  2.296609993945125E+07
2461996.500000000, A.D. 2028-Aug-13 00:00:00.0000, -1.052669334891216E+08,  5.062540269924532E+07,  2.391901912849233E+07
2461997.500000000, A.D. 2028-Aug-14 00:00:00.0000, -1.049173444339088E+08,  4.752379747468490E+07,  2.485805938341722E+07
2461998.500000000, A.D. 2028-Aug-15 00:00:00.0000, -1.045045725913857E+08,  4.439344069672740E+07,  2.578215443545273E+07
2461999.500000000, A.D. 2028-Aug-16 00:00:00.0000, -1.040265686686736E+08,  4.123523415433212E+07,  2.669018283485454E+07
2462000.500000000, A.D. 2028-Aug-17 00:00:00.0000, -1.034812381027121E+08,  3.805019301164024E+07,  2.758096591883297E+07
2462001.500000000, A.D. 2028-Aug-18 00:00:00.0000, -1.028664444278737E+08,  3.483945516548230E+07,  2.845326589186194E+07
2462002.500000000, A.D. 2028-Aug-19 00:00:00.0000, -1.021800134997494E+08,  3.160429112172955E+07,  2.930578406363581E+07
2462003.500000000, A.D. 2028-Aug-20 00:00:00.0000, -1.014197386892800E+08,  2.834611436748690E+07,  3.013715929769922E+07
2462004.500000000, A.D. 2028-Aug-21 00:00:00.0000, -1.005833871700379E+08,  2.506649220131818E+07,  3.094596673231907E+07
2462005.500000000, A.D. 2028-Aug-22 00:00:00.0000, -9.966870742922676E+07,  2.176715696577621E+07,  3.173071684444998E+07
2462006.500000000, A.D. 2028-Aug-23 00:00:00.0000, -9.867343813929462E+07,  1.845001760511844E+07,  3.248985493756600E+07
2462007.500000000, A.D. 2028-Aug-24 00:00:00.0000, -9.759531853127280E+07,  1.511717144591415E+07,  3.322176114453377E+07
2462008.500000000, A.D. 2028-Aug-25 00:00:00.0000, -9.643210041220567E+07,  1.177091606902779E+07,  3.392475104734042E+07
2462009.500000000, A.D. 2028-Aug-26 00:00:00.0000, -9.518156196631150E+07,  8.413761108042926E+06,  3.459707702601395E+07
2462010.500000000, A.D. 2028-Aug-27 00:00:00.0000, -9.384152347168113E+07,  5.048439771612847E+06,  3.523693045902938E+07
2462011.500000000, A.D. 2028-Aug-28 00:00:00.0000, -9.240986505002548E+07,  1.677919845706413E+06,  3.584244490626487E+07
2462012.500000000, A.D. 2028-Aug-29 00:00:00.0000, -9.088454654481669E+07, -1.694586113158144E+06,  3.641170041240584E+07
2462013.500000000, A.D. 2028-Aug-30 00:00:00.0000, -8.926362959162118E+07, -5.065611729900993E+06,  3.694272907266933E+07
2462014.500000000, A.D. 2028-Aug-31 00:00:00.0000, -8.754530190198955E+07, -8.431429292583156E+06,  3.743352200274210E+07
2462015.500000000, A.D. 2028-Sep-01 00:00:00.0000, -8.572790372759674E+07, -1.178804419558309E+07,  3.788203784966548E+07
2462016.500000000, A.D. 2028-Sep-02 00:00:00.0000, -8.380995640332066E+07, -1.513119181960150E+07,  3.828621296870571E+07
2462017.500000000, A.D. 2028-Sep-03 00:00:00.0000, -8.179019278601323E+07, -1.845633736043346E+07,  3.864397337162554E+07
2462018.500000000, A.D. 2028-Sep-04 00:00:00.0000, -7.966758930996518E+07, -2.175867914400184E+07,  3.895324852287039E+07
2462019.500000000, A.D. 2028-Sep-05 00:00:00.0000, -7.744139927159163E+07, -2.503315597504625E+07,  3.921198702082735E+07
2462020.500000000, A.D. 2028-Sep-06 00:00:00.0000, -7.511118683701569E+07, -2.827445905605504E+07,  3.941817415067920E+07
2462021.500000000, A.D. 2028-Sep-07 00:00:00.0000, -7.267686114084466E+07, -3.147704897632378E+07,  3.956985123317310E+07
2462022.500000000, A.D. 2028-Sep-08 00:00:00.0000, -7.013870971804464E+07, -3.463517820352055E+07,  3.966513662033302E+07
2462023.500000000, A.D. 2028-Sep-09 00:00:00.0000, -6.749743039068452E+07, -3.774291940777436E+07,  3.970224810622106E+07
2462024.500000000, A.D. 2028-Sep-10 00:00:00.0000, -6.475416062633103E+07, -4.079419980852422E+07,  3.967952643091564E+07
2462025.500000000, A.D. 2028-Sep-11 00:00:00.0000, -6.191050330519414E+07, -4.378284155685344E+07,  3.959545946282244E+07
2462026.500000000, A.D. 2028-Sep-12 00:00:00.0000, -5.896854778956296E+07, -4.670260795340712E+07,  3.944870655344408E+07
2462027.500000000, A.D. 2028-Sep-13 00:00:00.0000, -5.593088519220584E+07, -4.954725506039692E+07,  3.923812247610787E+07
2462028.500000000, A.D. 2028-Sep-14 00:00:00.0000, -5.280061679939941E+07, -5.231058800562090E+07,  3.896278029297185E+07
2462029.500000000, A.D. 2028-Sep-15 00:00:00.0000, -4.958135472556594E+07, -5.498652101063642E+07,  3.862199245022458E+07
2462030.500000000, A.D. 2028-Sep-16 00:00:00.0000, -4.627721406259157E+07, -5.756913992118847E+07,  3.821532938662566E+07
2462031.500000000, A.D. 2028-Sep-17 00:00:00.0000, -4.289279603509222E+07, -6.005276579478259E+07,  3.774263496096101E+07
2462032.500000000, A.D. 2028-Sep-18 00:00:00.0000, -3.943316197471013E+07, -6.243201792741682E+07,  3.720403806304162E+07
2462033.500000000, A.D. 2028-Sep-19 00:00:00.0000, -3.590379826755924E+07, -6.470187459689381E+07,  3.659995987110233E+07
2462034.500000000, A.D. 2028-Sep-20 00:00:00.0000, -3.231057278960329E+07, -6.685772977803222E+07,  3.593111635306287E+07
2462035.500000000, A.D. 2028-Sep-21 00:00:00.0000, -2.865968370168328E+07, -6.889544415393366E+07,  3.519851577381393E+07
2462036.500000000, A.D. 2028-Sep-22 00:00:00.0000, -2.495760180416020E+07, -7.081138890842800E+07,  3.440345115605570E+07
2462037.500000000, A.D. 2028-Sep-23 00:00:00.0000, -2.121100792669540E+07, -7.260248103113717E+07,  3.354748783642186E+07
2462038.500000000, A.D. 2028-Sep-24 00:00:00.0000, -1.742672703115458E+07, -7.426620918377471E+07,  3.263244644858953E+07
2462039.500000000, A.D. 2028-Sep-25 00:00:00.0000, -1.361166082046175E+07, -7.580064954342000E+07,  3.166038183781441E+07
2462040.500000000, A.D. 2028-Sep-26 00:00:00.0000, -9.772720666432109E+06, -7.720447143037292E+07,  3.063355855532477E+07
2462041.500000000, A.D. 2028-Sep-27 00:00:00.0000, -5.916762596308280E+06, -7.847693291795529E+07,  2.955442368738384E+07
2462042.500000000, A.D. 2028-Sep-28 00:00:00.0000, -2.050525919805855E+06, -7.961786698368083E+07,  2.842557783721003E+07
2462043.500000000, A.D. 2028-Sep-29 00:00:00.0000,  1.819423148668375E+06, -8.062765907365017E+07,  2.724974509679199E+07
2462044.500000000, A.D. 2028-Sep-30 00:00:00.0000,  5.686741794535046E+06, -8.150721719863059E+07,  2.602974282213145E+07
2462045.500000000, A.D. 2028-Oct-01 00:00:00.0000,  9.545354060278092E+06, -8.225793585155514E+07,  2.476845196494769E+07
2462046.500000000, A.D. 2028-Oct-02 00:00:00.0000,  1.338948699129507E+07, -8.288165512952502E+07,  2.346878862402229E+07
2462047.500000000, A.D. 2028-Oct-03 00:00:00.0000,  1.721369930261370E+07, -8.338061646250984E+07,  2.213367736908835E+07
2462048.500000000, A.D. 2028-Oct-04 00:00:00.0000,  2.101290266583600E+07, -8.375741630450773E+07,  2.076602676867864E+07
2462049.500000000, A.D. 2028-Oct-05 00:00:00.0000,  2.478237594239495E+07, -8.401495904309455E+07,  1.936870742925419E+07
2462050.500000000, A.D. 2028-Oct-06 00:00:00.0000,  2.851777286912340E+07, -8.415641024398334E+07,  1.794453273360335E+07
2462051.500000000, A.D. 2028-Oct-07 00:00:00.0000,  3.221512383320836E+07, -8.418515118259734E+07,  1.649624235765263E+07
2462052.500000000, A.D. 2028-Oct-08 00:00:00.0000,  3.587083245747659E+07, -8.410473543793899E+07,  1.502648855040084E+07
2462053.500000000, A.D. 2028-Oct-09 00:00:00.0000,  3.948166775803666E+07, -8.391884814657854E+07,  1.353782508388281E+07
2462054.500000000, A.D. 2028-Oct-10 00:00:00.0000,  4.304475264079937E+07, -8.363126834543230E+07,  1.203269871957920E+07
2462055.500000000, A.D. 2028-Oct-11 00:00:00.0000,  4.655754947843584E+07, -8.324583467773204E+07,  1.051344299398635E+07
2462056.500000000, A.D. 2028-Oct-12 00:00:00.0000,  5.001784346220075E+07, -8.276641460140975E+07,  8.982274097730789E+06
2462057.500000000, A.D. 2028-Oct-13 00:00:00.0000,  5.342372436063721E+07, -8.219687712516768E+07,  7.441288607677307E+06
2462058.500000000, A.D. 2028-Oct-14 00:00:00.0000,  5.677356724560653E+07, -8.154106900520487E+07,  5.892462827676035E+06
2462059.500000000, A.D. 2028-Oct-15 00:00:00.0000,  6.006601267047887E+07, -8.080279426407300E+07,  4.337653498601381E+06
2462060.500000000, A.D. 2028-Oct-16 00:00:00.0000,  6.329994670975317E+07, -7.998579684070018E+07,  2.778599649945196E+06
2462061.500000000, A.D. 2028-Oct-17 00:00:00.0000,  6.647448119689300E+07, -7.909374614497425E+07,  1.216925381446254E+06
2462062.500000000, A.D. 2028-Oct-18 00:00:00.0000,  6.958893442988224E+07, -7.813022526889306E+07, -3.458566176428385E+05
2462063.500000000, A.D. 2028-Oct-19 00:00:00.0000,  7.264281255324171E+07, -7.709872159661120E+07, -1.908340983439360E+06
2462064.500000000, A.D. 2028-Oct-20 00:00:00.0000,  7.563579177167717E+07, -7.600261955530962E+07, -3.469225177259780E+06
2462065.500000000, A.D. 2028-Oct-21 00:00:00.0000,  7.856770150432269E+07, -7.484519525547798E+07, -5.027304700648796E+06
2462066.500000000, A.D. 2028-Oct-22 00:00:00.0000,  8.143850854950936E+07, -7.362961278099711E+07, -6.581468136368874E+06
2462067.500000000, A.D. 2028-Oct-23 00:00:00.0000,  8.424830229768458E+07, -7.235892190470818E+07, -8.130692108056247E+06
2462068.500000000, A.D. 2028-Oct-24 00:00:00.0000,  8.699728100393142E+07, -7.103605702261643E+07, -9.674036234862760E+06
2462069.500000000, A.D. 2028-Oct-25 00:00:00.0000,  8.968573911081553E+07, -6.966383711843207E+07, -1.121063814278711E+07
2462070.500000000, A.D. 2028-Oct-26 00:00:00.0000,  9.231405559630723E+07, -6.824496658897761E+07, -1.273970858156069E+07
2462071.500000000, A.D. 2028-Oct-27 00:00:00.0000,  9.488268330960515E+07, -6.678203677947634E+07, -1.426052668483319E+07
2462072.500000000, A.D. 2028-Oct-28 00:00:00.0000,  9.739213924916591E+07, -6.527752809544390E+07, -1.577243540189549E+07
2462073.500000000, A.D. 2028-Oct-29 00:00:00.0000,  9.984299573153602E+07, -6.373381257454091E+07, -1.727483712115029E+07
2462074.500000000, A.D. 2028-Oct-30 00:00:00.0000,  1.022358723961501E+08, -6.215315681713025E+07, -1.876718949884669E+07
2462075.500000000, A.D. 2028-Oct-31 00:00:00.0000,  1.045714289896458E+08, -6.053772518832627E+07, -2.024900150108340E+07
2462076.500000000, A.D. 2028-Nov-01 00:00:00.0000,  1.068503588730518E+08, -5.888958321699990E+07, -2.171982966260835E+07
2462077.500000000, A.D. 2028-Nov-02 00:00:00.0000,  1.090733831960945E+08, -5.721070112853720E+07, -2.317927456235934E+07
2462078.500000000, A.D. 2028-Nov-03 00:00:00.0000,  1.112412456845640E+08, -5.550295745819394E+07, -2.462697751287200E+07
2462079.500000000, A.D. 2028-Nov-04 00:00:00.0000,  1.133547079889518E+08, -5.376814270072713E+07, -2.606261745850923E+07
2462080.500000000, A.D. 2028-Nov-05 00:00:00.0000,  1.154145455452302E+08, -5.200796295970303E+07, -2.748590807583696E+07
2462081.500000000, A.D. 2028-Nov-06 00:00:00.0000,  1.174215439015521E+08, -5.022404356658311E+07, -2.889659506828915E+07
2462082.500000000, A.D. 2028-Nov-07 00:00:00.0000,  1.193764954676724E+08, -4.841793264546852E+07, -3.029445364645486E+07
2462083.500000000, A.D. 2028-Nov-08 00:00:00.0000,  1.212801966469634E+08, -4.659110460434264E+07, -3.167928618480741E+07
2462084.500000000, A.D. 2028-Nov-09 00:00:00.0000,  1.231334453139268E+08, -4.474496353787741E+07, -3.305092004542555E+07
2462085.500000000, A.D. 2028-Nov-10 00:00:00.0000,  1.249370386030571E+08, -4.288084653045391E+07, -3.440920555917671E+07
2462086.500000000, A.D. 2028-Nov-11 00:00:00.0000,  1.266917709777478E+08, -4.100002685106792E+07, -3.575401415490266E+07
2462087.500000000, A.D. 2028-Nov-12 00:00:00.0000,  1.283984325506240E+08, -3.910371703432082E+07, -3.708523662733141E+07
2462088.500000000, A.D. 2028-Nov-13 00:00:00.0000,  1.300578076292196E+08, -3.719307184380133E+07, -3.840278153471021E+07
2462089.500000000, A.D. 2028-Nov-14 00:00:00.0000,  1.316706734632950E+08, -3.526919111590144E+07, -3.970657371748628E+07
2462090.500000000, A.D. 2028-Nov-15 00:00:00.0000,  1.332377991722901E+08, -3.333312248353390E+07, -4.099655292973799E+07
2462091.500000000, A.D. 2028-Nov-16 00:00:00.0000,  1.347599448334518E+08, -3.138586398037316E+07, -4.227267257546283E+07
2462092.500000000, A.D. 2028-Nov-17 00:00:00.0000,  1.362378607130494E+08, -2.942836652716813E+07, -4.353489854224719E+07
2462093.500000000, A.D. 2028-Nov-18 00:00:00.0000,  1.376722866248154E+08, -2.746153630240740E+07, -4.478320812526899E+07
2462094.500000000, A.D. 2028-Nov-19 00:00:00.0000,  1.390639514013223E+08, -2.548623700018642E+07, -4.601758903500685E+07
2462095.500000000, A.D. 2028-Nov-20 00:00:00.0000,  1.404135724654453E+08, -2.350329197855834E+07, -4.723803848244723E+07
2462096.500000000, A.D. 2028-Nov-21 00:00:00.0000,  1.417218554903606E+08, -2.151348630196702E+07, -4.844456233598451E+07
2462097.500000000, A.D. 2028-Nov-22 00:00:00.0000,  1.429894941377199E+08, -1.951756868158295E+07, -4.963717434460068E+07
2462098.500000000, A.D. 2028-Nov-23 00:00:00.0000,  1.442171698647113E+08, -1.751625331750603E+07, -5.081589542228435E+07
2462099.500000000, A.D. 2028-Nov-24 00:00:00.0000,  1.454055517916906E+08, -1.551022164687782E+07, -5.198075298900428E+07
2462100.500000000, A.D. 2028-Nov-25 00:00:00.0000,  1.465552966229376E+08, -1.350012400197229E+07, -5.313178036388954E+07
2462101.500000000, A.D. 2028-Nov-26 00:00:00.0000,  1.476670486138914E+08, -1.148658118231757E+07, -5.426901620658613E+07
2462102.500000000, A.D. 2028-Nov-27 00:00:00.0000,  1.487414395789218E+08, -9.470185944851208E+06, -5.539250400305734E+07
2462103.500000000, A.D. 2028-Nov-28 00:00:00.0000,  1.497790889343393E+08, -7.451504416034805E+06, -5.650229159237484E+07
2462104.500000000, A.D. 2028-Nov-29 00:00:00.0000,  1.507806037719204E+08, -5.431077429756507E+06, -5.759843073130855E+07
2462105.500000000, A.D. 2028-Nov-30 00:00:00.0000,  1.517465789587433E+08, -3.409421794736661E+06, -5.868097669376654E+07
2462106.500000000, A.D. 2028-Dec-01 00:00:00.0000,  1.526775972595909E+08, -1.387031495027907E+06, -5.974998790236205E+07
2462107.500000000, A.D. 2028-Dec-02 00:00:00.0000,  1.535742294785959E+08,  6.356211729312167E+05, -6.080552558959477E+07
2462108.500000000, A.D. 2028-Dec-03 00:00:00.0000,  1.544370346171764E+08,  2.658084523388028E+06, -6.184765348632947E+07
2462109.500000000, A.D. 2028-Dec-04 00:00:00.0000,  1.552665600456414E+08,  4.679926461291190E+06, -6.287643753543391E+07
2462110.500000000, A.D. 2028-Dec-05 00:00:00.0000,  1.560633416861486E+08,  6.700733516209509E+06, -6.389194562860588E+07
2462111.500000000, A.D. 2028-Dec-06 00:00:00.0000,  1.568279042049618E+08,  8.720109927254446E+06, -6.489424736457332E+07
2462112.500000000, A.D. 2028-Dec-07 00:00:00.0000,  1.575607612121951E+08,  1.073767677624477E+07, -6.588341382699396E+07
2462113.500000000, A.D. 2028-Dec-08 00:00:00.0000,  1.582624154674451E+08,  1.275307116648805E+07, -6.685951738051240E+07
2462114.500000000, A.D. 2028-Dec-09 00:00:00.0000,  1.589333590899040E+08,  1.476594544468576E+07, -6.782263148355353E+07
2462115.500000000, A.D. 2028-Dec-10 00:00:00.0000,  1.595740737717144E+08,  1.677596646359761E+07, -6.877283051654390E+07
2462116.500000000, A.D. 2028-Dec-11 00:00:00.0000,  1.601850309934832E+08,  1.878281488322355E+07, -6.971018962435454E+07
2462117.500000000, A.D. 2028-Dec-12 00:00:00.0000,  1.607666922410033E+08,  2.078618450838277E+07, -7.063478457185468E+07
2462118.500000000, A.D. 2028-Dec-13 00:00:00.0000,  1.613195092223550E+08,  2.278578166068156E+07, -7.154669161155251E+07
2462119.500000000, A.D. 2028-Dec-14 00:00:00.0000,  1.618439240846669E+08,  2.478132458297274E+07, -7.244598736238010E+07
2462120.500000000, A.D. 2028-Dec-15 00:00:00.0000,  1.623403696299123E+08,  2.677254287451283E+07, -7.333274869875346E+07
2462121.500000000, A.D. 2028-Dec-16 00:00:00.0000,  1.628092695291992E+08,  2.875917695512334E+07, -7.420705264910686E+07
2462122.500000000, A.D. 2028-Dec-17 00:00:00.0000,  1.632510385350939E+08,  3.074097755675633E+07, -7.506897630316383E+07
2462123.500000000, A.D. 2028-Dec-18 00:00:00.0000,  1.636660826915799E+08,  3.271770524095494E+07, -7.591859672726396E+07
2462124.500000000, A.D. 2028-Dec-19 00:00:00.0000,  1.640547995413165E+08,  3.468912994078438E+07, -7.675599088711937E+07
2462125.500000000, A.D. 2028-Dec-20 00:00:00.0000,  1.644175783299144E+08,  3.665503052588938E+07, -7.758123557742190E+07
2462126.500000000, A.D. 2028-Dec-21 00:00:00.0000,  1.647548002069927E+08,  3.861519438941087E+07, -7.839440735776870E+07
2462127.500000000, A.D. 2028-Dec-22 00:00:00.0000,  1.650668384238211E+08,  4.056941705556630E+07, -7.919558249441412E+07
2462128.500000000, A.D. 2028-Dec-23 00:00:00.0000,  1.653540585273924E+08,  4.251750180676652E+07, -7.998483690739483E+07
2462129.500000000, A.D. 2028-Dec-24 00:00:00.0000,  1.656168185507969E+08,  4.445925932920629E+07, -8.076224612260930E+07
2462130.500000000, A.D. 2028-Dec-25 00:00:00.0000,  1.658554691998052E+08,  4.639450737592617E+07, -8.152788522846653E+07
2462131.500000000, A.D. 2028-Dec-26 00:00:00.0000,  1.660703540355845E+08,  4.832307044640103E+07, -8.228182883674654E+07
2462132.500000000, A.D. 2028-Dec-27 00:00:00.0000,  1.662618096535026E+08,  5.024477948176405E+07, -8.302415104734501E+07
2462133.500000000, A.D. 2028-Dec-28 00:00:00.0000,  1.664301658579850E+08,  5.215947157482620E+07, -8.375492541659720E+07
2462134.500000000, A.D. 2028-Dec-29 00:00:00.0000,  1.665757458334168E+08,  5.406698969409938E+07, -8.447422492890170E+07
2462135.500000000, A.D. 2028-Dec-30 00:00:00.0000,  1.666988663110850E+08,  5.596718242107593E+07, -8.518212197138469E+07
2462136.500000000, A.D. 2028-Dec-31 00:00:00.0000,  1.667998377321807E+08,  5.785990370006058E+07, -8.587868831136540E+07
2462137.500000000, A.D. 2029-Jan-01 00:00:00.0000,  1.668789644068819E+08,  5.974501259989046E+07, -8.656399507640231E+07
2462138.500000000, A.D. 2029-Jan-02 00:00:00.0000,  1.669365446695553E+08,  6.162237308691646E+07, -8.723811273671614E+07
2462139.500000000, A.D. 2029-Jan-03 00:00:00.0000,  1.669728710301166E+08,  6.349185380865550E+07, -8.790111108980094E+07
2462140.500000000, A.D. 2029-Jan-04 00:00:00.0000,  1.669882303216021E+08,  6.535332788755513E+07, -8.855305924705003E+07
2462141.500000000, A.D. 2029-Jan-05 00:00:00.0000,  1.669829038440063E+08,  6.720667272434466E+07, -8.919402562223569E+07
2462142.500000000, A.D. 2029-Jan-06 00:00:00.0000,  1.669571675044453E+08,  6.905176981047562E+07, -8.982407792169441E+07
2462143.500000000, A.D. 2029-Jan-07 00:00:00.0000,  1.669112919537136E+08,  7.088850454918216E+07, -9.044328313608107E+07
2462144.500000000, A.D. 2029-Jan-08 00:00:00.0000,  1.668455427192990E+08,  7.271676608471814E+07, -9.105170753356418E+07
2462145.500000000, A.D. 2029-Jan-09 00:00:00.0000,  1.667601803349305E+08,  7.453644713935223E+07, -9.164941665434639E+07
2462146.500000000, A.D. 2029-Jan-10 00:00:00.0000,  1.666554604667278E+08,  7.634744385772523E+07, -9.223647530640054E+07
2462147.500000000, A.D. 2029-Jan-11 00:00:00.0000,  1.665316340360302E+08,  7.814965565819581E+07, -9.281294756232166E+07
2462148.500000000, A.D. 2029-Jan-12 00:00:00.0000,  1.663889473389782E+08,  7.994298509082136E+07, -9.337889675720188E+07
2462149.500000000, A.D. 2029-Jan-13 00:00:00.0000,  1.662276421629251E+08,  8.172733770163980E+07, -9.393438548744184E+07
2462150.500000000, A.D. 2029-Jan-14 00:00:00.0000,  1.660479558997531E+08,  8.350262190293683E+07, -9.447947561042008E+07
2462151.500000000, A.D. 2029-Jan-15 00:00:00.0000,  1.658501216561729E+08,  8.526874884919973E+07, -9.501422824494550E+07
2462152.500000000, A.D. 2029-Jan-16 00:00:00.0000,  1.656343683610810E+08,  8.702563231847546E+07, -9.553870377242622E+07
2462153.500000000, A.D. 2029-Jan-17 00:00:00.0000,  1.654009208700509E+08,  8.877318859886599E+07, -9.605296183869070E+07
2462154.500000000, A.D. 2029-Jan-18 00:00:00.0000,  1.651500000670333E+08,  9.051133637990776E+07, -9.655706135640381E+07
2462155.500000000, A.D. 2029-Jan-19 00:00:00.0000,  1.648818229633406E+08,  9.223999664859605E+07, -9.705106050802353E+07
2462156.500000000, A.D. 2029-Jan-20 00:00:00.0000,  1.645966027939870E+08,  9.395909258982787E+07, -9.753501674924883E+07
2462157.500000000, A.D. 2029-Jan-21 00:00:00.0000,  1.642945491114593E+08,  9.566854949104831E+07, -9.800898681291243E+07
2462158.500000000, A.D. 2029-Jan-22 00:00:00.0000,  1.639758678769870E+08,  9.736829465089786E+07, -9.847302671327651E+07
2462159.500000000, A.D. 2029-Jan-23 00:00:00.0000,  1.636407615493840E+08,  9.905825729166710E+07, -9.892719175069143E+07
2462160.500000000, A.D. 2029-Jan-24 00:00:00.0000,  1.632894291715287E+08,  1.007383684753770E+08, -9.937153651658183E+07
2462161.500000000, A.D. 2029-Jan-25 00:00:00.0000,  1.629220664545508E+08,  1.024085610233113E+08, -9.980611489872611E+07
2462162.500000000, A.D. 2029-Jan-26 00:00:00.0000,  1.625388658597918E+08,  1.040687694388374E+08, -1.002309800867986E+08
2462163.500000000, A.D. 2029-Jan-27 00:00:00.0000,  1.621400166786012E+08,  1.057189298333590E+08, -1.006461845781458E+08
2462164.500000000, A.D. 2029-Jan-28 00:00:00.0000,  1.617257051100334E+08,  1.073589798552541E+08, -1.010517801837703E+08
2462165.500000000, A.D. 2029-Jan-29 00:00:00.0000,  1.612961143365068E+08,  1.089888586216574E+08, -1.014478180344978E+08
2462166.500000000, A.D. 2029-Jan-30 00:00:00.0000,  1.608514245974843E+08,  1.106085066529542E+08, -1.018343485873053E+08
2462167.500000000, A.D. 2029-Jan-31 00:00:00.0000,  1.603918132612348E+08,  1.122178658098593E+08, -1.022114216317894E+08
2462168.500000000, A.D. 2029-Feb-01 00:00:00.0000,  1.599174548947316E+08,  1.138168792329613E+08, -1.025790862967551E+08
2462169.500000000, A.D. 2029-Feb-02 00:00:00.0000,  1.594285213317454E+08,  1.154054912846185E+08, -1.029373910569087E+08
2462170.500000000, A.D. 2029-Feb-03 00:00:00.0000,  1.589251817391835E+08,  1.169836474930966E+08, -1.032863837396373E+08
2462171.500000000, A.D. 2029-Feb-04 00:00:00.0000,  1.584076026817310E+08,  1.185512944988478E+08, -1.036261115318616E+08
2462172.500000000, A.D. 2029-Feb-05 00:00:00.0000,  1.578759481848417E+08,  1.201083800028301E+08, -1.039566209869459E+08
2462173.500000000, A.D. 2029-Feb-06 00:00:00.0000,  1.573303797961330E+08,  1.216548527167778E+08, -1.042779580316550E+08
2462174.500000000, A.D. 2029-Feb-07 00:00:00.0000,  1.567710566452290E+08,  1.231906623153305E+08, -1.045901679731457E+08
2462175.500000000, A.D. 2029-Feb-08 00:00:00.0000,  1.561981355021024E+08,  1.247157593899392E+08, -1.048932955059813E+08
2462176.500000000, A.D. 2029-Feb-09 00:00:00.0000,  1.556117708339594E+08,  1.262300954044682E+08, -1.051873847191606E+08
2462177.500000000, A.D. 2029-Feb-10 00:00:00.0000,  1.550121148607121E+08,  1.277336226524167E+08, -1.054724791031523E+08
2462178.500000000, A.D. 2029-Feb-11 00:00:00.0000,  1.543993176090830E+08,  1.292262942156872E+08, -1.057486215569263E+08
2462179.500000000, A.D. 2029-Feb-12 00:00:00.0000,  1.537735269653821E+08,  1.307080639248317E+08, -1.060158543949737E+08
2462180.500000000, A.D. 2029-Feb-13 00:00:00.0000,  1.531348887269991E+08,  1.321788863207099E+08, -1.062742193543114E+08
2462181.500000000, A.D. 2029-Feb-14 00:00:00.0000,  1.524835466526485E+08,  1.336387166174959E+08, -1.065237576014616E+08
2462182.500000000, A.D. 2029-Feb-15 00:00:00.0000,  1.518196425114082E+08,  1.350875106669737E+08, -1.067645097394035E+08
2462183.500000000, A.D. 2029-Feb-16 00:00:00.0000,  1.511433161305870E+08,  1.365252249240652E+08, -1.069965158144906E+08
2462184.500000000, A.D. 2029-Feb-17 00:00:00.0000,  1.504547054424597E+08,  1.379518164135352E+08, -1.072198153233289E+08
2462185.500000000, A.D. 2029-Feb-18 00:00:00.0000,  1.497539465299024E+08,  1.393672426978212E+08, -1.074344472196138E+08
2462186.500000000, A.D. 2029-Feb-19 00:00:00.0000,  1.490411736709644E+08,  1.407714618459394E+08, -1.076404499209190E+08
2462187.500000000, A.D. 2029-Feb-20 00:00:00.0000,  1.483165193824092E+08,  1.421644324034190E+08, -1.078378613154363E+08
2462188.500000000, A.D. 2029-Feb-21 00:00:00.0000,  1.475801144622564E+08,  1.435461133632192E+08, -1.080267187686634E+08
2462189.500000000, A.D. 2029-Feb-22 00:00:00.0000,  1.468320880313571E+08,  1.449164641375868E+08, -1.082070591300350E+08
2462190.500000000, A.D. 2029-Feb-23 00:00:00.0000,  1.460725675740319E+08,  1.462754445308114E+08, -1.083789187394972E+08
2462191.500000000, A.D. 2029-Feb-24 00:00:00.0000,  1.453016789778020E+08,  1.476230147128403E+08, -1.085423334340222E+08
2462192.500000000, A.D. 2029-Feb-25 00:00:00.0000,  1.445195465722419E+08,  1.489591351937147E+08, -1.086973385540613E+08
2462193.500000000, A.D. 2029-Feb-26 00:00:00.0000,  1.437262931669816E+08,  1.502837667987916E+08, -1.088439689499350E+08
2462194.500000000, A.D. 2029-Feb-27 00:00:00.0000,  1.429220400888853E+08,  1.515968706447162E+08, -1.089822589881594E+08
2462195.500000000, A.D. 2029-Feb-28 00:00:00.0000,  1.421069072184332E+08,  1.528984081161118E+08, -1.091122425577064E+08
2462196.500000000, A.D. 2029-Mar-01 00:00:00.0000,  1.412810130253315E+08,  1.541883408429570E+08, -1.092339530761990E+08
2462197.500000000, A.D. 2029-Mar-02 00:00:00.0000,  1.404444746033763E+08,  1.554666306786181E+08, -1.093474234960384E+08
2462198.500000000, A.D. 2029-Mar-03 00:00:00.0000,  1.395974077045950E+08,  1.567332396785087E+08, -1.094526863104655E+08
2462199.500000000, A.D. 2029-Mar-04 00:00:00.0000,  1.387399267726887E+08,  1.579881300793490E+08, -1.095497735595531E+08
2462200.500000000, A.D. 2029-Mar-05 00:00:00.0000,  1.378721449757990E+08,  1.592312642789974E+08, -1.096387168361315E+08
2462201.500000000, A.D. 2029-Mar-06 00:00:00.0000,  1.369941742386207E+08,  1.604626048168298E+08, -1.097195472916450E+08
2462202.500000000, A.D. 2029-Mar-07 00:00:00.0000,  1.361061252738829E+08,  1.616821143546411E+08, -1.097922956419421E+08
2462203.500000000, A.D. 2029-Mar-08 00:00:00.0000,  1.352081076132185E+08,  1.628897556580463E+08, -1.098569921729962E+08
2462204.500000000, A.D. 2029-Mar-09 00:00:00.0000,  1.343002296374445E+08,  1.640854915783593E+08, -1.099136667465604E+08
2462205.500000000, A.D. 2029-Mar-10 00:00:00.0000,  1.333825986062700E+08,  1.652692850349252E+08, -1.099623488057547E+08
2462206.500000000, A.D. 2029-Mar-11 00:00:00.0000,  1.324553206874552E+08,  1.664410989978886E+08, -1.100030673805863E+08
2462207.500000000, A.D. 2029-Mar-12 00:00:00.0000,  1.315185009854369E+08,  1.676008964713759E+08, -1.100358510934043E+08
2462208.500000000, A.D. 2029-Mar-13 00:00:00.0000,  1.305722435694408E+08,  1.687486404770729E+08, -1.100607281642896E+08
2462209.500000000, A.D. 2029-Mar-14 00:00:00.0000,  1.296166515010994E+08,  1.698842940381799E+08, -1.100777264163790E+08
2462210.500000000, A.D. 2029-Mar-15 00:00:00.0000,  1.286518268615900E+08,  1.710078201637254E+08, -1.100868732811266E+08
2462211.500000000, A.D. 2029-Mar-16 00:00:00.0000,  1.276778707783137E+08,  1.721191818332228E+08, -1.100881958035017E+08
2462212.500000000, A.D. 2029-Mar-17 00:00:00.0000,  1.266948834511294E+08,  1.732183419816524E+08, -1.100817206471246E+08
2462213.500000000, A.D. 2029-Mar-18 00:00:00.0000,  1.257029641781605E+08,  1.743052634847539E+08, -1.100674740993418E+08
2462214.500000000, A.D. 2029-Mar-19 00:00:00.0000,  1.247022113811902E+08,  1.753799091446136E+08, -1.100454820762409E+08
2462215.500000000, A.D. 2029-Mar-20 00:00:00.0000,  1.236927226306597E+08,  1.764422416755317E+08, -1.100157701276064E+08
2462216.500000000, A.D. 2029-Mar-21 00:00:00.0000,  1.226745946702876E+08,  1.774922236901560E+08, -1.099783634418185E+08
2462217.500000000, A.D. 2029-Mar-22 00:00:00.0000,  1.216479234413214E+08,  1.785298176858681E+08, -1.099332868506942E+08
2462218.500000000, A.D. 2029-Mar-23 00:00:00.0000,  1.206128041064392E+08,  1.795549860314081E+08, -1.098805648342739E+08
2462219.500000000, A.D. 2029-Mar-24 00:00:00.0000,  1.195693310733148E+08,  1.805676909537271E+08, -1.098202215255540E+08
2462220.500000000, A.D. 2029-Mar-25 00:00:00.0000,  1.185175980178589E+08,  1.815678945250536E+08, -1.097522807151658E+08
2462221.500000000, A.D. 2029-Mar-26 00:00:00.0000,  1.174576979071532E+08,  1.825555586501617E+08, -1.096767658560040E+08
2462222.500000000, A.D. 2029-Mar-27 00:00:00.0000,  1.163897230220876E+08,  1.835306450538314E+08, -1.095937000678051E+08
2462223.500000000, A.D. 2029-Mar-28 00:00:00.0000,  1.153137649797167E+08,  1.844931152684880E+08, -1.095031061416765E+08
2462224.500000000, A.D. 2029-Mar-29 00:00:00.0000,  1.142299147553470E+08,  1.854429306220109E+08, -1.094050065445793E+08
2462225.500000000, A.D. 2029-Mar-30 00:00:00.0000,  1.131382627043678E+08,  1.863800522257014E+08, -1.092994234237650E+08
2462226.500000000, A.D. 2029-Mar-31 00:00:00.0000,  1.120388985838414E+08,  1.873044409623975E+08, -1.091863786111690E+08
2462227.500000000, A.D. 2029-Apr-01 00:00:00.0000,  1.109319115738576E+08,  1.882160574747302E+08, -1.090658936277592E+08
2462228.500000000, A.D. 2029-Apr-02 00:00:00.0000,  1.098173902986757E+08,  1.891148621535051E+08, -1.089379896878460E+08
2462229.500000000, A.D. 2029-Apr-03 00:00:00.0000,  1.086954228476560E+08,  1.900008151262076E+08, -1.088026877033517E+08
2462230.500000000, A.D. 2029-Apr-04 00:00:00.0000,  1.075660967960014E+08,  1.908738762456125E+08, -1.086600082880394E+08
2462231.500000000, A.D. 2029-Apr-05 00:00:00.0000,  1.064294992253098E+08,  1.917340050785060E+08, -1.085099717617109E+08
2462232.500000000, A.D. 2029-Apr-06 00:00:00.0000,  1.052857167439619E+08,  1.925811608944893E+08, -1.083525981543628E+08
2462233.500000000, A.D. 2029-Apr-07 00:00:00.0000,  1.041348355073475E+08,  1.934153026548735E+08, -1.081879072103124E+08
2462234.500000000, A.D. 2029-Apr-08 00:00:00.0000,  1.029769412379423E+08,  1.942363890016508E+08, -1.080159183922928E+08
2462235.500000000, A.D. 2029-Apr-09 00:00:00.0000,  1.018121192452489E+08,  1.950443782465345E+08, -1.078366508855154E+08
2462236.500000000, A.D. 2029-Apr-10 00:00:00.0000,  1.006404544456122E+08,  1.958392283600599E+08, -1.076501236017055E+08
2462237.500000000, A.D. 2029-Apr-11 00:00:00.0000,  9.946203138191958E+07,  1.966208969607402E+08, -1.074563551831116E+08
2462238.500000000, A.D. 2029-Apr-12 00:00:00.0000,  9.827693424319804E+07,  1.973893413042701E+08, -1.072553640064900E+08
2462239.500000000, A.D. 2029-Apr-13 00:00:00.0000,  9.708524688411900E+07,  1.981445182727680E+08, -1.070471681870674E+08
2462240.500000000, A.D. 2029-Apr-14 00:00:00.0000,  9.588705284442174E+07,  1.988863843640524E+08, -1.068317855824838E+08
2462241.500000000, A.D. 2029-Apr-15 00:00:00.0000,  9.468243536826719E+07,  1.996148956809445E+08, -1.066092337967162E+08
2462242.500000000, A.D. 2029-Apr-16 00:00:00.0000,  9.347147742353261E+07,  2.003300079205890E+08, -1.063795301839872E+08
2462243.500000000, A.D. 2029-Apr-17 00:00:00.0000,  9.225426172105846E+07,  2.010316763637894E+08, -1.061426918526595E+08
2462244.500000000, A.D. 2029-Apr-18 00:00:00.0000,  9.103087073385851E+07,  2.017198558643484E+08, -1.058987356691176E+08
2462245.500000000, A.D. 2029-Apr-19 00:00:00.0000,  8.980138671630402E+07,  2.023945008384082E+08, -1.056476782616403E+08
2462246.500000000, A.D. 2029-Apr-20 00:00:00.0000,  8.856589172329369E+07,  2.030555652537846E+08, -1.053895360242656E+08
2462247.500000000, A.D. 2029-Apr-21 00:00:00.0000,  8.732446762941933E+07,  2.037030026192877E+08, -1.051243251206489E+08
2462248.500000000, A.D. 2029-Apr-22 00:00:00.0000,  8.607719614813916E+07,  2.043367659740245E+08, -1.048520614879185E+08
2462249.500000000, A.D. 2029-Apr-23 00:00:00.0000,  8.482415885097046E+07,  2.049568078766752E+08, -1.045727608405299E+08
2462250.500000000, A.D. 2029-Apr-24 00:00:00.0000,  8.356543718670881E+07,  2.055630803947406E+08, -1.042864386741198E+08
2462251.500000000, A.D. 2029-Apr-25 00:00:00.0000,  8.230111250069445E+07,  2.061555350937494E+08, -1.039931102693657E+08
2462252.500000000, A.D. 2029-Apr-26 00:00:00.0000,  8.103126605412452E+07,  2.067341230264263E+08, -1.036927906958491E+08
2462253.500000000, A.D. 2029-Apr-27 00:00:00.0000,  7.975597904343231E+07,  2.072987947218094E+08, -1.033854948159277E+08
2462254.500000000, A.D. 2029-Apr-28 00:00:00.0000,  7.847533261974144E+07,  2.078495001743146E+08, -1.030712372886186E+08
2462255.500000000, A.D. 2029-Apr-29 00:00:00.0000,  7.718940790840741E+07,  2.083861888327392E+08, -1.027500325734944E+08
2462256.500000000, A.D. 2029-Apr-30 00:00:00.0000,  7.589828602865563E+07,  2.089088095892024E+08, -1.024218949345952E+08
2462257.500000000, A.D. 2029-May-01 00:00:00.0000,  7.460204811333506E+07,  2.094173107680113E+08, -1.020868384443600E+08
2462258.500000000, A.D. 2029-May-02 00:00:00.0000,  7.330077532878903E+07,  2.099116401144544E+08, -1.017448769875789E+08
2462259.500000000, A.D. 2029-May-03 00:00:00.0000,  7.199454889486477E+07,  2.103917447835116E+08, -1.013960242653698E+08
2462260.500000000, A.D. 2029-May-04 00:00:00.0000,  7.068345010506994E+07,  2.108575713284764E+08, -1.010402937991831E+08
2462261.500000000, A.D. 2029-May-05 00:00:00.0000,  6.936756034688805E+07,  2.113090656894874E+08, -1.006776989348367E+08
2462262.500000000, A.D. 2029-May-06 00:00:00.0000,  6.804696112226973E+07,  2.117461731819600E+08, -1.003082528465846E+08
2462263.500000000, A.D. 2029-May-07 00:00:00.0000,  6.672173406830725E+07,  2.121688384849164E+08, -9.993196854122287E+07
2462264.500000000, A.D. 2029-May-08 00:00:00.0000,  6.539196097811064E+07,  2.125770056292073E+08, -9.954885886223601E+07
2462265.500000000, A.D. 2029-May-09 00:00:00.0000,  6.405772382189601E+07,  2.129706179856181E+08, -9.915893649398743E+07
2462266.500000000, A.D. 2029-May-10 00:00:00.0000,  6.271910476830242E+07,  2.133496182528583E+08, -9.876221396595807E+07
2462267.500000000, A.D. 2029-May-11 00:00:00.0000,  6.137618620594837E+07,  2.137139484454262E+08, -9.835870365703613E+07
2462268.500000000, A.D. 2029-May-12 00:00:00.0000,  6.002905076524548E+07,  2.140635498813429E+08, -9.794841779986267E+07
2462269.500000000, A.D. 2029-May-13 00:00:00.0000,  5.867778134048252E+07,  2.143983631697540E+08, -9.753136848523708E+07
2462270.500000000, A.D. 2029-May-14 00:00:00.0000,  5.732246111219561E+07,  2.147183281983903E+08, -9.710756766658626E+07
2462271.500000000, A.D. 2029-May-15 00:00:00.0000,  5.596317356984011E+07,  2.150233841208833E+08, -9.667702716450240E+07
2462272.500000000, A.D. 2029-May-16 00:00:00.0000,  5.460000253478019E+07,  2.153134693439326E+08, -9.623975867135389E+07
2462273.500000000, A.D. 2029-May-17 00:00:00.0000,  5.323303218361273E+07,  2.155885215143154E+08, -9.579577375597383E+07
2462274.500000000, A.D. 2029-May-18 00:00:00.0000,  5.186234707184216E+07,  2.158484775057387E+08, -9.534508386843143E+07
2462275.500000000, A.D. 2029-May-19 00:00:00.0000,  5.048803215792405E+07,  2.160932734055236E+08, -9.488770034489138E+07
2462276.500000000, A.D. 2029-May-20 00:00:00.0000,  4.911017282769480E+07,  2.163228445011208E+08, -9.442363441256629E+07
2462277.500000000, A.D. 2029-May-21 00:00:00.0000,  4.772885491920636E+07,  2.165371252664490E+08, -9.395289719476800E+07
2462278.500000000, A.D. 2029-May-22 00:00:00.0000,  4.634416474798466E+07,  2.167360493480540E+08, -9.347549971606363E+07
2462279.500000000, A.D. 2029-May-23 00:00:00.0000,  4.495618913273107E+07,  2.169195495510803E+08, -9.299145290754168E+07
2462280.500000000, A.D. 2029-May-24 00:00:00.0000,  4.356501542148759E+07,  2.170875578250529E+08, -9.250076761219525E+07
2462281.500000000, A.D. 2029-May-25 00:00:00.0000,  4.217073151828579E+07,  2.172400052494623E+08, -9.200345459042820E+07
2462282.500000000, A.D. 2029-May-26 00:00:00.0000,  4.077342591030148E+07,  2.173768220191484E+08, -9.149952452569121E+07
2462283.500000000, A.D. 2029-May-27 00:00:00.0000,  3.937318769553693E+07,  2.174979374294780E+08, -9.098898803025463E+07
2462284.500000000, A.D. 2029-May-28 00:00:00.0000,  3.797010661105316E+07,  2.176032798613108E+08, -9.047185565112534E+07
2462285.500000000, A.D. 2029-May-29 00:00:00.0000,  3.656427306177653E+07,  2.176927767657492E+08, -8.994813787611544E+07
2462286.500000000, A.D. 2029-May-30 00:00:00.0000,  3.515577814990314E+07,  2.177663546486663E+08, -8.941784514006990E+07
2462287.500000000, A.D. 2029-May-31 00:00:00.0000,  3.374471370492676E+07,  2.178239390550079E+08, -8.888098783126253E+07
2462288.500000000, A.D. 2029-Jun-01 00:00:00.0000,  3.233117231431593E+07,  2.178654545528620E+08, -8.833757629796736E+07
2462289.500000000, A.D. 2029-Jun-02 00:00:00.0000,  3.091524735486731E+07,  2.178908247172934E+08, -8.778762085521559E+07
2462290.500000000, A.D. 2029-Jun-03 00:00:00.0000,  2.949703302476291E+07,  2.178999721139359E+08, -8.723113179174678E+07
2462291.500000000, A.D. 2029-Jun-04 00:00:00.0000,  2.807662437636018E+07,  2.178928182823392E+08, -8.666811937716375E+07
2462292.500000000, A.D. 2029-Jun-05 00:00:00.0000,  2.665411734974461E+07,  2.178692837190647E+08, -8.609859386930192E+07
2462293.500000000, A.D. 2029-Jun-06 00:00:00.0000,  2.522960880707578E+07,  2.178292878605259E+08, -8.552256552182314E+07
2462294.500000000, A.D. 2029-Jun-07 00:00:00.0000,  2.380319656775896E+07,  2.177727490655696E+08, -8.494004459204538E+07
2462295.500000000, A.D. 2029-Jun-08 00:00:00.0000,  2.237497944447530E+07,  2.176995845977917E+08, -8.435104134901923E+07
2462296.500000000, A.D. 2029-Jun-09 00:00:00.0000,  2.094505728010513E+07,  2.176097106075851E+08, -8.375556608186425E+07
2462297.500000000, A.D. 2029-Jun-10 00:00:00.0000,  1.951353098558001E+07,  2.175030421139140E+08, -8.315362910837688E+07
2462298.500000000, A.D. 2029-Jun-11 00:00:00.0000,  1.808050257870066E+07,  2.173794929858126E+08, -8.254524078392336E+07
2462299.500000000, A.D. 2029-Jun-12 00:00:00.0000,  1.664607522395916E+07,  2.172389759236013E+08, -8.193041151063190E+07
2462300.500000000, A.D. 2029-Jun-13 00:00:00.0000,  1.521035327340544E+07,  2.170814024398201E+08, -8.130915174689800E+07
2462301.500000000, A.D. 2029-Jun-14 00:00:00.0000,  1.377344230859944E+07,  2.169066828398727E+08, -8.068147201721814E+07
2462302.500000000, A.D. 2029-Jun-15 00:00:00.0000,  1.233544918369226E+07,  2.167147262023808E+08, -8.004738292236844E+07
2462303.500000000, A.D. 2029-Jun-16 00:00:00.0000,  1.089648206968089E+07,  2.165054403592429E+08, -7.940689514994371E+07
2462304.500000000, A.D. 2029-Jun-17 00:00:00.0000,  9.456650499883275E+06,  2.162787318753979E+08, -7.876001948527546E+07
2462305.500000000, A.D. 2029-Jun-18 00:00:00.0000,  8.016065416682092E+06,  2.160345060282878E+08, -7.810676682274644E+07
2462306.500000000, A.D. 2029-Jun-19 00:00:00.0000,  6.574839219587689E+06,  2.157726667870213E+08, -7.744714817752138E+07
2462307.500000000, A.D. 2029-Jun-20 00:00:00.0000,  5.133085814672624E+06,  2.154931167912329E+08, -7.678117469771352E+07
2462308.500000000, A.D. 2029-Jun-21 00:00:00.0000,  3.690920665432388E+06,  2.151957573296393E+08, -7.610885767700882E+07
2462309.500000000, A.D. 2029-Jun-22 00:00:00.0000,  2.248460845129135E+06,  2.148804883182904E+08, -7.543020856776914E+07
2462310.500000000, A.D. 2029-Jun-23 00:00:00.0000,  8.058250906776694E+05,  2.145472082785167E+08, -7.474523899463843E+07
2462311.500000000, A.D. 2029-Jun-24 00:00:00.0000, -6.368661418646649E+05,  2.141958143145711E+08, -7.405396076867619E+07
2462312.500000000, A.D. 2029-Jun-25 00:00:00.0000, -2.079490620140593E+06,  2.138262020909683E+08, -7.335638590204360E+07
2462313.500000000, A.D. 2029-Jun-26 00:00:00.0000, -3.521924276599186E+06,  2.134382658095226E+08, -7.265252662326987E+07
2462314.500000000, A.D. 2029-Jun-27 00:00:00.0000, -4.964041147798777E+06,  2.130318981860869E+08, -7.194239539312698E+07
2462315.500000000, A.D. 2029-Jun-28 00:00:00.0000, -6.405713311831579E+06,  2.126069904269952E+08, -7.122600492114276E+07
2462316.500000000, A.D. 2029-Jun-29 00:00:00.0000, -7.846810823795010E+06,  2.121634322052154E+08, -7.050336818278365E+07
2462317.500000000, A.D. 2029-Jun-30 00:00:00.0000, -9.287201649230296E+06,  2.117011116362143E+08, -6.977449843734062E+07
2462318.500000000, A.D. 2029-Jul-01 00:00:00.0000, -1.072675159544582E+07,  2.112199152535448E+08, -6.903940924655259E+07
2462319.500000000, A.D. 2029-Jul-02 00:00:00.0000, -1.216532424063944E+07,  2.107197279841580E+08, -6.829811449400356E+07
2462320.500000000, A.D. 2029-Jul-03 00:00:00.0000, -1.360278086072535E+07,  2.102004331234593E+08, -6.755062840533793E+07
2462321.500000000, A.D. 2029-Jul-04 00:00:00.0000, -1.503898035378357E+07,  2.096619123100970E+08, -6.679696556931706E+07
2462322.500000000, A.D. 2029-Jul-05 00:00:00.0000, -1.647377916201553E+07,  2.091040455005238E+08, -6.603714095978545E+07
2462323.500000000, A.D. 2029-Jul-06 00:00:00.0000, -1.790703119112006E+07,  2.085267109433220E+08, -6.527116995857061E+07
2462324.500000000, A.D. 2029-Jul-07 00:00:00.0000, -1.933858772696268E+07,  2.079297851533164E+08, -6.449906837937326E+07
2462325.500000000, A.D. 2029-Jul-08 00:00:00.0000, -2.076829734946800E+07,  2.073131428854890E+08, -6.372085249269355E+07
2462326.500000000, A.D. 2029-Jul-09 00:00:00.0000, -2.219600584355506E+07,  2.066766571087156E+08, -6.293653905184914E+07
2462327.500000000, A.D. 2029-Jul-10 00:00:00.0000, -2.362155610704853E+07,  2.060201989793458E+08, -6.214614532013892E+07
2462328.500000000, A.D. 2029-Jul-11 00:00:00.0000, -2.504478805541574E+07,  2.053436378146507E+08, -6.134968909921199E+07
2462329.500000000, A.D. 2029-Jul-12 00:00:00.0000, -2.646553852319626E+07,  2.046468410661627E+08, -6.054718875870150E+07
2462330.500000000, A.D. 2029-Jul-13 00:00:00.0000, -2.788364116198955E+07,  2.039296742929389E+08, -5.973866326719156E+07
2462331.500000000, A.D. 2029-Jul-14 00:00:00.0000, -2.929892633485198E+07,  2.031920011347823E+08, -5.892413222458439E+07
2462332.500000000, A.D. 2029-Jul-15 00:00:00.0000, -3.071122100695322E+07,  2.024336832854561E+08, -5.810361589594248E+07
2462333.500000000, A.D. 2029-Jul-16 00:00:00.0000, -3.212034863233019E+07,  2.016545804659317E+08, -5.727713524688179E+07
2462334.500000000, A.D. 2029-Jul-17 00:00:00.0000, -3.352612903657302E+07,  2.008545503977178E+08, -5.644471198059822E+07
2462335.500000000, A.D. 2029-Jul-18 00:00:00.0000, -3.492837829526698E+07,  2.000334487763165E+08, -5.560636857661327E+07
2462336.500000000, A.D. 2029-Jul-19 00:00:00.0000, -3.632690860800824E+07,  1.991911292448634E+08, -5.476212833133020E+07
2462337.500000000, A.D. 2029-Jul-20 00:00:00.0000, -3.772152816780110E+07,  1.983274433680100E+08, -5.391201540049644E+07
2462338.500000000, A.D. 2029-Jul-21 00:00:00.0000, -3.911204102563688E+07,  1.974422406061138E+08, -5.305605484367431E+07
2462339.500000000, A.D. 2029-Jul-22 00:00:00.0000, -4.049824695004389E+07,  1.965353682898086E+08, -5.219427267082783E+07
2462340.500000000, A.D. 2029-Jul-23 00:00:00.0000, -4.187994128138929E+07,  1.956066715950332E+08, -5.132669589113921E+07
2462341.500000000, A.D. 2029-Jul-24 00:00:00.0000, -4.325691478070261E+07,  1.946559935186043E+08, -5.045335256417605E+07
2462342.500000000, A.D. 2029-Jul-25 00:00:00.0000, -4.462895347278007E+07,  1.936831748544289E+08, -4.957427185353641E+07
2462343.500000000, A.D. 2029-Jul-26 00:00:00.0000, -4.599583848331748E+07,  1.926880541704586E+08, -4.868948408310787E+07
2462344.500000000, A.D. 2029-Jul-27 00:00:00.0000, -4.735734586980788E+07,  1.916704677864990E+08, -4.779902079608285E+07
2462345.500000000, A.D. 2029-Jul-28 00:00:00.0000, -4.871324644592708E+07,  1.906302497529984E+08, -4.690291481688353E+07
2462346.500000000, A.D. 2029-Jul-29 00:00:00.0000, -5.006330559911779E+07,  1.895672318309489E+08, -4.600120031615593E+07
2462347.500000000, A.D. 2029-Jul-30 00:00:00.0000, -5.140728310106884E+07,  1.884812434730496E+08, -4.509391287900520E+07
2462348.500000000, A.D. 2029-Jul-31 00:00:00.0000, -5.274493291077209E+07,  1.873721118062910E+08, -4.418108957665245E+07
2462349.500000000, A.D. 2029-Aug-01 00:00:00.0000, -5.407600296982453E+07,  1.862396616161366E+08, -4.326276904170577E+07
2462350.500000000, A.D. 2029-Aug-02 00:00:00.0000, -5.540023498962706E+07,  1.850837153324948E+08, -4.233899154724896E+07
2462351.500000000, A.D. 2029-Aug-03 00:00:00.0000, -5.671736423011596E+07,  1.839040930176874E+08, -4.140979908996461E+07
2462352.500000000, A.D. 2029-Aug-04 00:00:00.0000, -5.802711926964492E+07,  1.827006123566463E+08, -4.047523547752139E+07
2462353.500000000, A.D. 2029-Aug-05 00:00:00.0000, -5.932922176561859E+07,  1.814730886495832E+08, -3.953534642046876E+07
2462354.500000000, A.D. 2029-Aug-06 00:00:00.0000, -6.062338620545943E+07,  1.802213348074074E+08, -3.859017962889931E+07
2462355.500000000, A.D. 2029-Aug-07 00:00:00.0000, -6.190931964747079E+07,  1.789451613501850E+08, -3.763978491415270E+07
2462356.500000000, A.D. 2029-Aug-08 00:00:00.0000, -6.318672145113857E+07,  1.776443764089624E+08, -3.668421429585464E+07
2462357.500000000, A.D. 2029-Aug-09 00:00:00.0000, -6.445528299639349E+07,  1.763187857313054E+08, -3.572352211460041E+07
2462358.500000000, A.D. 2029-Aug-10 00:00:00.0000, -6.571468739133364E+07,  1.749681926909387E+08, -3.475776515061451E+07
2462359.500000000, A.D. 2029-Aug-11 00:00:00.0000, -6.696460916788522E+07,  1.735923983018999E+08, -3.378700274873635E+07
2462360.500000000, A.D. 2029-Aug-12 00:00:00.0000, -6.820471396485573E+07,  1.721912012376674E+08, -3.281129695010570E+07
2462361.500000000, A.D. 2029-Aug-13 00:00:00.0000, -6.943465819781020E+07,  1.707643978557543E+08, -3.183071263094473E+07
2462362.500000000, A.D. 2029-Aug-14 00:00:00.0000, -7.065408871517603E+07,  1.693117822283118E+08, -3.084531764885888E+07
2462363.500000000, A.D. 2029-Aug-15 00:00:00.0000, -7.186264243995745E+07,  1.678331461793305E+08, -2.985518299710514E+07
2462364.500000000, A.D. 2029-Aug-16 00:00:00.0000, -7.305994599641365E+07,  1.663282793290817E+08, -2.886038296730576E+07
2462365.500000000, A.D. 2029-Aug-17 00:00:00.0000, -7.424561532102941E+07,  1.647969691465000E+08, -2.786099532111515E+07
2462366.500000000, A.D. 2029-Aug-18 00:00:00.0000, -7.541925525707933E+07,  1.632390010102694E+08, -2.685710147138097E+07
2462367.500000000, A.D. 2029-Aug-19 00:00:00.0000, -7.658045913206017E+07,  1.616541582794468E+08, -2.584878667337404E+07
2462368.500000000, A.D. 2029-Aug-20 00:00:00.0000, -7.772880831723842E+07,  1.600422223745284E+08, -2.483614022669956E+07
2462369.500000000, A.D. 2029-Aug-21 00:00:00.0000, -7.886387176853292E+07,  1.584029728699507E+08, -2.381925568854051E+07
2462370.500000000, A.D. 2029-Aug-22 00:00:00.0000, -7.998520554792629E+07,  1.567361875991026E+08, -2.279823109892603E+07
2462371.500000000, A.D. 2029-Aug-23 00:00:00.0000, -8.109235232457091E+07,  1.550416427730271E+08, -2.177316921876206E+07
2462372.500000000, A.D. 2029-Aug-24 00:00:00.0000, -8.218484085473217E+07,  1.533191131140938E+08, -2.074417778140780E+07
2462373.500000000, A.D. 2029-Aug-25 00:00:00.0000, -8.326218543968523E+07,  1.515683720060435E+08, -1.971136975863252E+07
2462374.500000000, A.D. 2029-Aug-26 00:00:00.0000, -8.432388536066075E+07,  1.497891916619288E+08, -1.867486364183909E+07
2462375.500000000, A.D. 2029-Aug-27 00:00:00.0000, -8.536942428991456E+07,  1.479813433116172E+08, -1.763478373949710E+07
2462376.500000000, A.D. 2029-Aug-28 00:00:00.0000, -8.639826967697825E+07,  1.461445974106719E+08, -1.659126049178766E+07
2462377.500000000, A.D. 2029-Aug-29 00:00:00.0000, -8.740987210913590E+07,  1.442787238725902E+08, -1.554443080352450E+07
2462378.500000000, A.D. 2029-Aug-30 00:00:00.0000, -8.840366464516100E+07,  1.423834923265623E+08, -1.449443839648178E+07
2462379.500000000, A.D. 2029-Aug-31 00:00:00.0000, -8.937906212134656E+07,  1.404586724031053E+08, -1.344143418232916E+07
2462380.500000000, A.D. 2029-Sep-01 00:00:00.0000, -9.033546042886277E+07,  1.385040340501458E+08, -1.238557665744665E+07
2462381.500000000, A.D. 2029-Sep-02 00:00:00.0000, -9.127223576148959E+07,  1.365193478823549E+08, -1.132703232096934E+07
2462382.500000000, A.D. 2029-Sep-03 00:00:00.0000, -9.218874383279207E+07,  1.345043855667958E+08, -1.026597611749149E+07
2462383.500000000, A.D. 2029-Sep-04 00:00:00.0000, -9.308431906183958E+07,  1.324589202482204E+08, -9.202591905942790E+06
2462384.500000000, A.D. 2029-Sep-05 00:00:00.0000, -9.395827372661647E+07,  1.303827270176559E+08, -8.137072956236526E+06
2462385.500000000, A.D. 2029-Sep-06 00:00:00.0000, -9.480989708433539E+07,  1.282755834282490E+08, -7.069622475378528E+06
2462386.500000000, A.D. 2029-Sep-07 00:00:00.0000, -9.563845445794518E+07,  1.261372700626941E+08, -6.000454164817274E+06
2462387.500000000, A.D. 2029-Sep-08 00:00:00.0000, -9.644318628823176E+07,  1.239675711569632E+08, -4.929792810910322E+06
2462388.500000000, A.D. 2029-Sep-09 00:00:00.0000, -9.722330715103939E+07,  1.217662752854753E+08, -3.857874910476580E+06
2462389.500000000, A.D. 2029-Sep-10 00:00:00.0000, -9.797800473930280E+07,  1.195331761133033E+08, -2.784949333499819E+06
2462390.500000000, A.D. 2029-Sep-11 00:00:00.0000, -9.870643880977635E+07,  1.172680732215150E+08, -1.711278025143944E+06
2462391.500000000, A.D. 2029-Sep-12 00:00:00.0000, -9.940774009458676E+07,  1.149707730122818E+08, -6.371367493326664E+05
2462392.500000000, A.D. 2029-Sep-13 00:00:00.0000, -1.000810091780208E+08,  1.126410897009705E+08,  4.371841237638369E+05
2462393.500000000, A.D. 2029-Sep-14 00:00:00.0000, -1.007253153393031E+08,  1.102788464030645E+08,  1.511378783911087E+06
2462394.500000000, A.D. 2029-Sep-15 00:00:00.0000, -1.013396953625247E+08,  1.078838763244324E+08,  2.585125098161384E+06
2462395.500000000, A.D. 2029-Sep-16 00:00:00.0000, -1.019231523153642E+08,  1.054560240641930E+08,  3.658083676812187E+06
2462396.500000000, A.D. 2029-Sep-17 00:00:00.0000, -1.024746542988070E+08,  1.029951470401997E+08,  4.729896885363139E+06
2462397.500000000, A.D. 2029-Sep-18 00:00:00.0000, -1.029931331707338E+08,  1.005011170480009E+08,  5.800187799835637E+06
2462398.500000000, A.D. 2029-Sep-19 00:00:00.0000, -1.034774832470206E+08,  9.797382196501468E+07,  6.868559102818891E+06
2462399.500000000, A.D. 2029-Sep-20 00:00:00.0000, -1.039265599846990E+08,  9.541316761259268E+07,  7.934591917636342E+06
2462400.500000000, A.D. 2029-Sep-21 00:00:00.0000, -1.043391786527683E+08,  9.281907978963250E+07,  8.997844578099370E+06
2462401.500000000, A.D. 2029-Sep-22 00:00:00.0000, -1.047141129974715E+08,  9.019150649243185E+07,  1.005785133143399E+07
2462402.500000000, A.D. 2029-Sep-23 00:00:00.0000, -1.050500939102403E+08,  8.753042033654591E+07,  1.111412097214916E+07
2462403.500000000, A.D. 2029-Sep-24 00:00:00.0000, -1.053458081081374E+08,  8.483582119751598E+07,  1.216613540486793E+07
2462404.500000000, A.D. 2029-Sep-25 00:00:00.0000, -1.055998968384712E+08,  8.210773908845682E+07,  1.321334813448538E+07
2462405.500000000, A.D. 2029-Sep-26 00:00:00.0000, -1.058109546213850E+08,  7.934623729361612E+07,  1.425518268246445E+07
2462406.500000000, A.D. 2029-Sep-27 00:00:00.0000, -1.059775280466481E+08,  7.655141577812535E+07,  1.529103092865381E+07
2462407.500000000, A.D. 2029-Sep-28 00:00:00.0000, -1.060981146436346E+08,  7.372341489522065E+07,  1.632025137873269E+07
2462408.500000000, A.D. 2029-Sep-29 00:00:00.0000, -1.061711618466123E+08,  7.086241941318773E+07,  1.734216735828656E+07
2462409.500000000, A.D. 2029-Sep-30 00:00:00.0000, -1.061950660810030E+08,  6.796866288513704E+07,  1.835606513561787E+07
2462410.500000000, A.D. 2029-Oct-01 00:00:00.0000, -1.061681720002733E+08,  6.504243238538148E+07,  1.936119197674151E+07
2462411.500000000, A.D. 2029-Oct-02 00:00:00.0000, -1.060887719075869E+08,  6.208407363660499E+07,  2.035675413763555E+07
2462412.500000000, A.D. 2029-Oct-03 00:00:00.0000, -1.059551054013540E+08,  5.909399655209664E+07,  2.134191480076129E+07
2462413.500000000, A.D. 2029-Oct-04 00:00:00.0000, -1.057653592893682E+08,  5.607268121696389E+07,  2.231579196518355E+07
2462414.500000000, A.D. 2029-Oct-05 00:00:00.0000, -1.055176678223477E+08,  5.302068433133741E+07,  2.327745630235251E+07
2462415.500000000, A.D. 2029-Oct-06 00:00:00.0000, -1.052101133044297E+08,  4.993864613696261E+07,  2.422592899282426E+07
2462416.500000000, A.D. 2029-Oct-07 00:00:00.0000, -1.048407271454717E+08,  4.682729784609417E+07,  2.516017956294087E+07
2462417.500000000, A.D. 2029-Oct-08 00:00:00.0000, -1.044074914278986E+08,  4.368746958806311E+07,  2.607912374483146E+07
2462418.500000000, A.D. 2029-Oct-09 00:00:00.0000, -1.039083410692183E+08,  4.052009888403252E+07,  2.698162138808846E+07
2462419.500000000, A.D. 2029-Oct-10 00:00:00.0000, -1.033411666701490E+08,  3.732623965406831E+07,  2.786647445717111E+07
2462420.500000000, A.D. 2029-Oct-11 00:00:00.0000, -1.027038181473885E+08,  3.410707175239696E+07,  2.873242515503896E+07
2462421.500000000, A.D. 2029-Oct-12 00:00:00.0000, -1.019941092592438E+08,  3.086391101631674E+07,  2.957815422075478E+07
2462422.500000000, A.D. 2029-Oct-13 00:00:00.0000, -1.012098231413063E+08,  2.759821980130445E+07,  3.040227945682425E+07
2462423.500000000, A.D. 2029-Oct-14 00:00:00.0000, -1.003487189777975E+08,  2.431161795907082E+07,  3.120335455084870E+07
2462424.500000000, A.D. 2029-Oct-15 00:00:00.0000, -9.940853994157706E+07,  2.100589419629114E+07,  3.197986826558413E+07
2462425.500000000, A.D. 2029-Oct-16 00:00:00.0000, -9.838702254156663E+07,  1.768301772912345E+07,  3.273024408162403E+07
2462426.500000000, A.D. 2029-Oct-17 00:00:00.0000, -9.728190751969375E+07,  1.434515012213887E+07,  3.345284038743804E+07
2462427.500000000, A.D. 2029-Oct-18 00:00:00.0000, -9.609095243956339E+07,  1.099465716964872E+07,  3.414595132218813E+07
2462428.500000000, A.D. 2029-Oct-19 00:00:00.0000, -9.481194610482162E+07,  7.634120642618186E+06,  3.480780838711725E+07
2462429.500000000, A.D. 2029-Oct-20 00:00:00.0000, -9.344272493538809E+07,  4.266349685351504E+06,  3.543658295100436E+07
2462430.500000000, A.D. 2029-Oct-21 00:00:00.0000, -9.198119141305064E+07,  8.943916034010556E+05,  3.603038978339754E+07
2462431.500000000, A.D. 2029-Oct-22 00:00:00.0000, -9.042533468285385E+07, -2.478458261736382E+06,  3.658729175537618E+07
2462432.500000000, A.D. 2029-Oct-23 00:00:00.0000, -8.877325336176318E+07, -5.848647923470343E+06,  3.710530585042046E+07
2462433.500000000, A.D. 2029-Oct-24 00:00:00.0000, -8.702318055977482E+07, -9.212361807152577E+06,  3.758241062645945E+07
2462434.500000000, A.D. 2029-Oct-25 00:00:00.0000, -8.517351105966263E+07, -1.256551592043424E+07,  3.801655526304407E+07
2462435.500000000, A.D. 2029-Oct-26 00:00:00.0000, -8.322283052895279E+07, -1.590375562589459E+07,  3.840567031346978E+07
2462436.500000000, A.D. 2029-Oct-27 00:00:00.0000, -8.116994655109575E+07, -1.922245653845092E+07,  3.874768025915581E+07
2462437.500000000, A.D. 2029-Oct-28 00:00:00.0000, -7.901392116256450E+07, -2.251672909112679E+07,  3.904051793136006E+07
2462438.500000000, A.D. 2029-Oct-29 00:00:00.0000, -7.675410447022690E+07, -2.578142731653211E+07,  3.928214082228468E+07
2462439.500000000, A.D. 2029-Oct-30 00:00:00.0000, -7.439016880163018E+07, -2.901116237274549E+07,  3.947054925313273E+07
2462440.500000000, A.D. 2029-Oct-31 00:00:00.0000, -7.192214271418321E+07, -3.220032129602468E+07,  3.960380630064856E+07
2462441.500000000, A.D. 2029-Nov-01 00:00:00.0000, -6.935044406373167E+07, -3.534309138419327E+07,  3.968005930688864E+07
2462442.500000000, A.D. 2029-Nov-02 00:00:00.0000, -6.667591121652249E+07, -3.843349050000486E+07,  3.969756271124706E+07
2462443.500000000, A.D. 2029-Nov-03 00:00:00.0000, -6.389983139042898E+07, -4.146540343135086E+07,  3.965470185213531E+07
2462444.500000000, A.D. 2029-Nov-04 00:00:00.0000, -6.102396504203532E+07, -4.443262425542100E+07,  3.955001729252190E+07
2462445.500000000, A.D. 2029-Nov-05 00:00:00.0000, -5.805056518663624E+07, -4.732890443056700E+07,  3.938222913435566E+07
2462446.500000000, A.D. 2029-Nov-06 00:00:00.0000, -5.498239055867061E+07, -5.014800609005570E+07,  3.915026070834847E+07
2462447.500000000, A.D. 2029-Nov-07 00:00:00.0000, -5.182271159902894E+07, -5.288375974740417E+07,  3.885326096492757E+07
2462448.500000000, A.D. 2029-Nov-08 00:00:00.0000, -4.857530839836594E+07, -5.553012535850514E+07,  3.849062485666507E+07
2462449.500000000, A.D. 2029-Nov-09 00:00:00.0000, -4.524445993290063E+07, -5.808125543912531E+07,  3.806201099869861E+07
2462450.500000000, A.D. 2029-Nov-10 00:00:00.0000, -4.183492419666560E+07, -6.053155872705954E+07,  3.756735592654178E+07
2462451.500000000, A.D. 2029-Nov-11 00:00:00.0000, -3.835190915130068E+07, -6.287576272553568E+07,  3.700688434280696E+07
2462452.500000000, A.D. 2029-Nov-12 00:00:00.0000, -3.480103476502846E+07, -6.510897338540065E+07,  3.638111485522219E+07
2462453.500000000, A.D. 2029-Nov-13 00:00:00.0000, -3.118828677531618E+07, -6.722673019072069E+07,  3.569086085395250E+07
2462454.500000000, A.D. 2029-Nov-14 00:00:00.0000, -2.751996316070877E+07, -6.922505501194219E+07,  3.493722634925005E+07
2462455.500000000, A.D. 2029-Nov-15 00:00:00.0000, -2.380261462143422E+07, -7.110049328126223E+07,  3.412159678050838E+07
2462456.500000000, A.D. 2029-Nov-16 00:00:00.0000, -2.004298062241950E+07, -7.285014631695691E+07,  3.324562500246497E+07
2462457.500000000, A.D. 2029-Nov-17 00:00:00.0000, -1.624792272763609E+07, -7.447169396027036E+07,  3.231121284036867E+07
2462458.500000000, A.D. 2029-Nov-18 00:00:00.0000, -1.242435703892208E+07, -7.596340706742340E+07,  3.132048877069021E+07
2462459.500000000, A.D. 2029-Nov-19 00:00:00.0000, -8.579187541287871E+06, -7.732414979423721E+07,  3.027578241663625E+07
2462460.500000000, A.D. 2029-Nov-20 00:00:00.0000, -4.719242053966085E+06, -7.855337199497811E+07,  2.917959664050890E+07
2462461.500000000, A.D. 2029-Nov-21 00:00:00.0000, -8.512123033738044E+05, -7.965109240559129E+07,  2.803457806369577E+07
2462462.500000000, A.D. 2029-Nov-22 00:00:00.0000,  3.018400612156559E+06, -8.061787357426129E+07,  2.684348684951048E+07
2462463.500000000, A.D. 2029-Nov-23 00:00:00.0000,  6.883334384723318E+06, -8.145478972510093E+07,  2.560916654754886E+07
2462464.500000000, A.D. 2029-Nov-24 00:00:00.0000,  1.073760661407887E+07, -8.216338888651511E+07,  2.433451472691260E+07
2462465.500000000, A.D. 2029-Nov-25 00:00:00.0000,  1.457554851556750E+07, -8.274565068400200E+07,  2.302245502779215E+07
2462466.500000000, A.D. 2029-Nov-26 00:00:00.0000,  1.839183114338413E+07, -8.320394119335136E+07,  2.167591114564720E+07
2462467.500000000, A.D. 2029-Nov-27 00:00:00.0000,  2.218148430898800E+07, -8.354096618443623E+07,  2.029778313870263E+07
2462468.500000000, A.D. 2029-Nov-28 00:00:00.0000,  2.593990858659198E+07, -8.375972397101578E+07,  1.889092632597332E+07
2462469.500000000, A.D. 2029-Nov-29 00:00:00.0000,  2.966288096168617E+07, -8.386345893237658E+07,  1.745813292640831E+07
2462470.500000000, A.D. 2029-Nov-30 00:00:00.0000,  3.334655479380784E+07, -8.385561660225601E+07,  1.600211648515777E+07
2462471.500000000, A.D. 2029-Dec-01 00:00:00.0000,  3.698745483392991E+07, -8.373980104201004E+07,  1.452549904375147E+07
2462472.500000000, A.D. 2029-Dec-02 00:00:00.0000,  4.058246806502587E+07, -8.351973503907792E+07,  1.303080093881232E+07
2462473.500000000, A.D. 2029-Dec-03 00:00:00.0000,  4.412883112821320E+07, -8.319922350668846E+07,  1.152043305904706E+07
2462474.500000000, A.D. 2029-Dec-04 00:00:00.0000,  4.762411506365159E+07, -8.278212031222254E+07,  9.996691351796687E+06
2462475.500000000, A.D. 2029-Dec-05 00:00:00.0000,  5.106620804230050E+07, -8.227229863317001E+07,  8.461753346752722E+06
2462476.500000000, A.D. 2029-Dec-06 00:00:00.0000,  5.445329669840624E+07, -8.167362483271261E+07,  6.917676453451160E+06
2462477.500000000, A.D. 2029-Dec-07 00:00:00.0000,  5.778384659900279E+07, -8.098993576159212E+07,  5.366397788541723E+06
2462478.500000000, A.D. 2029-Dec-08 00:00:00.0000,  6.105658231056374E+07, -8.022501932788843E+07,  3.809735296295572E+06
2462479.500000000, A.D. 2029-Dec-09 00:00:00.0000,  6.427046744796813E+07, -7.938259812968744E+07,  2.249389939206105E+06
2462480.500000000, A.D. 2029-Dec-10 00:00:00.0000,  6.742468501986586E+07, -7.846631591497162E+07,  6.869487529483512E+05
2462481.500000000, A.D. 2029-Dec-11 00:00:00.0000,  7.051861831918971E+07, -7.747972661585124E+07, -8.761114202277921E+05
2462482.500000000, A.D. 2029-Dec-12 00:00:00.0000,  7.355183254904766E+07, -7.642628569794226E+07, -2.438419684694033E+06
2462483.500000000, A.D. 2029-Dec-13 00:00:00.0000,  7.652405732303189E+07, -7.530934356790747E+07, -3.998706475283407E+06
2462484.500000000, A.D. 2029-Dec-14 00:00:00.0000,  7.943517013513696E+07, -7.413214079079150E+07, -5.555798695535179E+06
2462485.500000000, A.D. 2029-Dec-15 00:00:00.0000,  8.228518085769618E+07, -7.289780488195398E+07, -7.108614715021770E+06
2462486.500000000, A.D. 2029-Dec-16 00:00:00.0000,  8.507421729552056E+07, -7.160934845460548E+07, -8.656159312884800E+06
2462487.500000000, A.D. 2029-Dec-17 00:00:00.0000,  8.780251180011782E+07, -7.026966852192600E+07, -1.019751863887975E+07
2462488.500000000, A.D. 2029-Dec-18 00:00:00.0000,  9.047038892879124E+07, -6.888154677151413E+07, -1.173185524918706E+07
2462489.500000000, A.D. 2029-Dec-19 00:00:00.0000,  9.307825411885683E+07, -6.744765064872445E+07, -1.325840326197451E+07
2462490.500000000, A.D. 2029-Dec-20 00:00:00.0000,  9.562658333649580E+07, -6.597053510375319E+07, -1.477646366711362E+07
2462491.500000000, A.D. 2029-Dec-21 00:00:00.0000,  9.811591365223971E+07, -6.445264487473847E+07, -1.628539981544507E+07
2462492.500000000, A.D. 2029-Dec-22 00:00:00.0000,  1.005468346901954E+08, -6.289631719540355E+07, -1.778463310541417E+07
2462493.500000000, A.D. 2029-Dec-23 00:00:00.0000,  1.029199808953451E+08, -6.130378483073821E+07, -1.927363887860975E+07
2462494.500000000, A.D. 2029-Dec-24 00:00:00.0000,  1.052360245621647E+08, -5.967717935782172E+07, -2.075194253058596E+07
2462495.500000000, A.D. 2029-Dec-25 00:00:00.0000,  1.074956695680144E+08, -5.801853462113093E+07, -2.221911583918055E+07
2462496.500000000, A.D. 2029-Dec-26 00:00:00.0000,  1.096996457559482E+08, -5.632979030258775E+07, -2.367477350922823E+07
2462497.500000000, A.D. 2029-Dec-27 00:00:00.0000,  1.118487039135095E+08, -5.461279555624366E+07, -2.511856992997709E+07
2462498.500000000, A.D. 2029-Dec-28 00:00:00.0000,  1.139436112965070E+08, -5.286931266596276E+07, -2.655019613953674E+07
2462499.500000000, A.D. 2029-Dec-29 00:00:00.0000,  1.159851476495284E+08, -5.110102069184050E+07, -2.796937698921672E+07
2462500.500000000, A.D. 2029-Dec-30 00:00:00.0000,  1.179741016779148E+08, -4.930951907748383E+07, -2.937586849956655E+07
2462501.500000000, A.D. 2029-Dec-31 00:00:00.0000,  1.199112679289747E+08, -4.749633119577819E+07, -3.076945539922522E+07
2462502.500000000, A.D. 2030-Jan-01 00:00:00.0000,  1.217974440432826E+08, -4.566290781547397E+07, -3.214994883726446E+07
