2459945.500000000, A.D. 2023-Jan-01 00:00:00.0000,  7.057736377621058E+07,  4.066648820167716E+08, -1.713578112280160E+06
2459946.500000000, A.D. 2023-Jan-02 00:00:00.0000,  6.953022407787703E+07,  4.072323519965836E+08, -1.590903620123029E+06
2459947.500000000, A.D. 2023-Jan-03 00:00:00.0000,  6.848209186340849E+07,  4.077941086557386E+08, -1.468206412447900E+06
2459948.500000000, A.D. 2023-Jan-04 00:00:00.0000,  6.743298450537278E+07,  4.083501596838217E+08, -1.345488267954916E+06
2459949.500000000, A.D. 2023-Jan-05 00:00:00.0000,  6.638291928172402E+07,  4.089005127260254E+08, -1.222750955694109E+06
2459950.500000000, A.D. 2023-Jan-06 00:00:00.0000,  6.533191337699388E+07,  4.094451753832445E+08, -1.099996235193402E+06
2459951.500000000, A.D. 2023-Jan-07 00:00:00.0000,  6.427998388346826E+07,  4.099841552121726E+08, -9.772258565860689E+05
2459952.500000000, A.D. 2023-Jan-08 00:00:00.0000,  6.322714780235142E+07,  4.105174597254003E+08, -8.544415607355237E+05
2459953.500000000, A.D. 2023-Jan-09 00:00:00.0000,  6.217342204491725E+07,  4.110450963915156E+08, -7.316450793598890E+05
2459954.500000000, A.D. 2023-Jan-10 00:00:00.0000,  6.111882343364786E+07,  4.115670726352043E+08, -6.088381351543367E+05
2459955.500000000, A.D. 2023-Jan-11 00:00:00.0000,  6.006336870335981E+07,  4.120833958373529E+08, -4.860224419121742E+05
2459956.500000000, A.D. 2023-Jan-12 00:00:00.0000,  5.900707450231801E+07,  4.125940733351523E+08, -3.631997046450377E+05
2459957.500000000, A.D. 2023-Jan-13 00:00:00.0000,  5.794995739333782E+07,  4.130991124222032E+08, -2.403716197012067E+05
2459958.500000000, A.D. 2023-Jan-14 00:00:00.0000,  5.689203385487498E+07,  4.135985203486220E+08, -1.175398748830557E+05
2459959.500000000, A.D. 2023-Jan-15 00:00:00.0000,  5.583332028210421E+07,  4.140923043211496E+08,  5.293850437283516E+03
2459960.500000000, A.D. 2023-Jan-16 00:00:00.0000,  5.477383298798625E+07,  4.145804715032586E+08,  1.281278852027357E+05
2459961.500000000, A.D. 2023-Jan-17 00:00:00.0000,  5.371358820432353E+07,  4.150630290152648E+08,  2.509605665582418E+05
2459962.500000000, A.D. 2023-Jan-18 00:00:00.0000,  5.265260208280487E+07,  4.155399839344369E+08,  3.737902397383451E+05
2459963.500000000, A.D. 2023-Jan-19 00:00:00.0000,  5.159089069603928E+07,  4.160113432951093E+08,  4.966152579561472E+05
2459964.500000000, A.D. 2023-Jan-20 00:00:00.0000,  5.052847003857892E+07,  4.164771140887944E+08,  6.194339822934270E+05
2459965.500000000, A.D. 2023-Jan-21 00:00:00.0000,  4.946535602793153E+07,  4.169373032642968E+08,  7.422447815919518E+05
2459966.500000000, A.D. 2023-Jan-22 00:00:00.0000,  4.840156450556248E+07,  4.173919177278275E+08,  8.650460323460400E+05
2459967.500000000, A.D. 2023-Jan-23 00:00:00.0000,  4.733711123788652E+07,  4.178409643431200E+08,  9.878361185960770E+05
2459968.500000000, A.D. 2023-Jan-24 00:00:00.0000,  4.627201191724940E+07,  4.182844499315454E+08,  1.110613431822866E+06
2459969.500000000, A.D. 2023-Jan-25 00:00:00.0000,  4.520628216289968E+07,  4.187223812722303E+08,  1.233376370844185E+06
2459970.500000000, A.D. 2023-Jan-26 00:00:00.0000,  4.413993752195048E+07,  4.191547651021737E+08,  1.356123341710746E+06
2459971.500000000, A.D. 2023-Jan-27 00:00:00.0000,  4.307299347033203E+07,  4.195816081163650E+08,  1.478852757604897E+06
2459972.500000000, A.D. 2023-Jan-28 00:00:00.0000,  4.200546541373423E+07,  4.200029169679034E+08,  1.601563038739085E+06
2459973.500000000, A.D. 2023-Jan-29 00:00:00.0000,  4.093736868854013E+07,  4.204186982681168E+08,  1.724252612255931E+06
2459974.500000000, A.D. 2023-Jan-30 00:00:00.0000,  3.986871856275031E+07,  4.208289585866811E+08,  1.846919912129432E+06
2459975.500000000, A.D. 2023-Jan-31 00:00:00.0000,  3.879953023689788E+07,  4.212337044517413E+08,  1.969563379066885E+06
2459976.500000000, A.D. 2023-Feb-01 00:00:00.0000,  3.772981884495481E+07,  4.216329423500317E+08,  2.092181460411698E+06
2459977.500000000, A.D. 2023-Feb-02 00:00:00.0000,  3.665959945522938E+07,  4.220266787269968E+08,  2.214772610047549E+06
2459978.500000000, A.D. 2023-Feb-03 00:00:00.0000,  3.558888707125494E+07,  4.224149199869133E+08,  2.337335288303196E+06
2459979.500000000, A.D. 2023-Feb-04 00:00:00.0000,  3.451769663267031E+07,  4.227976724930117E+08,  2.459867961858183E+06
2459980.500000000, A.D. 2023-Feb-05 00:00:00.0000,  3.344604301609151E+07,  4.231749425675985E+08,  2.582369103649884E+06
2459981.500000000, A.D. 2023-Feb-06 00:00:00.0000,  3.237394103597556E+07,  4.235467364921784E+08,  2.704837192780823E+06
2459982.500000000, A.D. 2023-Feb-07 00:00:00.0000,  3.130140544547596E+07,  4.239130605075775E+08,  2.827270714427412E+06
2459983.500000000, A.D. 2023-Feb-08 00:00:00.0000,  3.022845093729011E+07,  4.242739208140659E+08,  2.949668159749508E+06
2459984.500000000, A.D. 2023-Feb-09 00:00:00.0000,  2.915509214449909E+07,  4.246293235714810E+08,  3.072028025800258E+06
2459985.500000000, A.D. 2023-Feb-10 00:00:00.0000,  2.808134364139944E+07,  4.249792748993508E+08,  3.194348815437645E+06
2459986.500000000, A.D. 2023-Feb-11 00:00:00.0000,  2.700721994432748E+07,  4.253237808770176E+08,  3.316629037236363E+06
2459987.500000000, A.D. 2023-Feb-12 00:00:00.0000,  2.593273551247600E+07,  4.256628475437618E+08,  3.438867205400318E+06
2459988.500000000, A.D. 2023-Feb-13 00:00:00.0000,  2.485790474870365E+07,  4.259964808989252E+08,  3.561061839676619E+06
2459989.500000000, A.D. 2023-Feb-14 00:00:00.0000,  2.378274200033700E+07,  4.263246869020358E+08,  3.683211465269834E+06
2459990.500000000, A.D. 2023-Feb-15 00:00:00.0000,  2.270726155996544E+07,  4.266474714729309E+08,  3.805314612757057E+06
2459991.500000000, A.D. 2023-Feb-16 00:00:00.0000,  2.163147766622902E+07,  4.269648404918820E+08,  3.927369818004012E+06
2459992.500000000, A.D. 2023-Feb-17 00:00:00.0000,  2.055540450459947E+07,  4.272767997997181E+08,  4.049375622081488E+06
2459993.500000000, A.D. 2023-Feb-18 00:00:00.0000,  1.947905620815419E+07,  4.275833551979512E+08,  4.171330571183205E+06
2459994.500000000, A.D. 2023-Feb-19 00:00:00.0000,  1.840244685834371E+07,  4.278845124488987E+08,  4.293233216543645E+06
2459995.500000000, A.D. 2023-Feb-20 00:00:00.0000,  1.732559048575246E+07,  4.281802772758092E+08,  4.415082114357024E+06
2459996.500000000, A.D. 2023-Feb-21 00:00:00.0000,  1.624850107085305E+07,  4.284706553629857E+08,  4.536875825697094E+06
2459997.500000000, A.D. 2023-Feb-22 00:00:00.0000,  1.517119254475417E+07,  4.287556523559104E+08,  4.658612916437179E+06
2459998.500000000, A.D. 2023-Feb-23 00:00:00.0000,  1.409367878994220E+07,  4.290352738613680E+08,  4.780291957171261E+06
2459999.500000000, A.D. 2023-Feb-24 00:00:00.0000,  1.301597364101662E+07,  4.293095254475703E+08,  4.901911523135930E+06
2460000.500000000, A.D. 2023-Feb-25 00:00:00.0000,  1.193809088541936E+07,  4.295784126442803E+08,  5.023470194132090E+06
2460001.500000000, A.D. 2023-Feb-26 00:00:00.0000,  1.086004426415815E+07,  4.298419409429352E+08,  5.144966554448783E+06
2460002.500000000, A.D. 2023-Feb-27 00:00:00.0000,  9.781847472524004E+06,  4.301001157967711E+08,  5.266399192785859E+06
2460003.500000000, A.D. 2023-Feb-28 00:00:00.0000,  8.703514160802921E+06,  4.303529426209460E+08,  5.387766702179015E+06
2460004.500000000, A.D. 2023-Mar-01 00:00:00.0000,  7.625057934981872E+06,  4.306004267926632E+08,  5.509067679924339E+06
2460005.500000000, A.D. 2023-Mar-02 00:00:00.0000,  6.546492357449243E+06,  4.308425736512954E+08,  5.630300727503687E+06
2460006.500000000, A.D. 2023-Mar-03 00:00:00.0000,  5.467830947689750E+06,  4.310793884985068E+08,  5.751464450511247E+06
2460007.500000000, A.D. 2023-Mar-04 00:00:00.0000,  4.389087182973970E+06,  4.313108765983769E+08,  5.872557458579361E+06
2460008.500000000, A.D. 2023-Mar-05 00:00:00.0000,  3.310274499042560E+06,  4.315370431775225E+08,  5.993578365306824E+06
2460009.500000000, A.D. 2023-Mar-06 00:00:00.0000,  2.231406290785266E+06,  4.317578934252213E+08,  6.114525788185775E+06
2460010.500000000, A.D. 2023-Mar-07 00:00:00.0000,  1.152495912914672E+06,  4.319734324935335E+08,  6.235398348530471E+06
2460011.500000000, A.D. 2023-Mar-08 00:00:00.0000,  7.355668063558615E+04,  4.321836654974235E+08,  6.356194671406388E+06
2460012.500000000, A.D. 2023-Mar-09 00:00:00.0000, -1.005398129691931E+06,  4.323885975148833E+08,  6.476913385559410E+06
2460013.500000000, A.D. 2023-Mar-10 00:00:00.0000, -2.084355279892918E+06,  4.325882335870529E+08,  6.597553123345733E+06
2460014.500000000, A.D. 2023-Mar-11 00:00:00.0000, -3.163301569323421E+06,  4.327825787183416E+08,  6.718112520662725E+06
2460015.500000000, A.D. 2023-Mar-12 00:00:00.0000, -4.242223834220933E+06,  4.329716378765497E+08,  6.838590216879725E+06
2460016.500000000, A.D. 2023-Mar-13 00:00:00.0000, -5.321108947059431E+06,  4.331554159929892E+08,  6.958984854769468E+06
2460017.500000000, A.D. 2023-Mar-14 00:00:00.0000, -6.399943815908977E+06,  4.333339179626037E+08,  7.079295080440342E+06
2460018.500000000, A.D. 2023-Mar-15 00:00:00.0000, -7.478715383799741E+06,  4.335071486440892E+08,  7.199519543268740E+06
2460019.500000000, A.D. 2023-Mar-16 00:00:00.0000, -8.557410628090415E+06,  4.336751128600132E+08,  7.319656895832032E+06
2460020.500000000, A.D. 2023-Mar-17 00:00:00.0000, -9.636016559840918E+06,  4.338378153969353E+08,  7.439705793842018E+06
2460021.500000000, A.D. 2023-Mar-18 00:00:00.0000, -1.071452022318933E+07,  4.339952610055251E+08,  7.559664896078855E+06
2460022.500000000, A.D. 2023-Mar-19 00:00:00.0000, -1.179290869473300E+07,  4.341474544006818E+08,  7.679532864325285E+06
2460023.500000000, A.D. 2023-Mar-20 00:00:00.0000, -1.287116908291367E+07,  4.342944002616524E+08,  7.799308363301635E+06
2460024.500000000, A.D. 2023-Mar-21 00:00:00.0000, -1.394928852740669E+07,  4.344361032321494E+08,  7.918990060600907E+06
2460025.500000000, A.D. 2023-Mar-22 00:00:00.0000, -1.502725419851402E+07,  4.345725679204693E+08,  8.038576626624227E+06
2460026.500000000, A.D. 2023-Mar-23 00:00:00.0000, -1.610505329656134E+07,  4.347037988996092E+08,  8.158066734517306E+06
2460027.500000000, A.D. 2023-Mar-24 00:00:00.0000, -1.718267305129869E+07,  4.348298007073842E+08,  8.277459060106456E+06
2460028.500000000, A.D. 2023-Mar-25 00:00:00.0000, -1.826010072130503E+07,  4.349505778465436E+08,  8.396752281835943E+06
2460029.500000000, A.D. 2023-Mar-26 00:00:00.0000, -1.933732359339643E+07,  4.350661347848876E+08,  8.515945080704719E+06
2460030.500000000, A.D. 2023-Mar-27 00:00:00.0000, -2.041432898203761E+07,  4.351764759553829E+08,  8.635036140204459E+06
2460031.500000000, A.D. 2023-Mar-28 00:00:00.0000, -2.149110422875733E+07,  4.352816057562780E+08,  8.754024146257371E+06
2460032.500000000, A.D. 2023-Mar-29 00:00:00.0000, -2.256763670156703E+07,  4.353815285512187E+08,  8.872907787154704E+06
2460033.500000000, A.D. 2023-Mar-30 00:00:00.0000, -2.364391379438277E+07,  4.354762486693628E+08,  8.991685753495216E+06
2460034.500000000, A.D. 2023-Mar-31 00:00:00.0000, -2.471992292645063E+07,  4.355657704054940E+08,  9.110356738124728E+06
2460035.500000000, A.D. 2023-Apr-01 00:00:00.0000, -2.579565154177514E+07,  4.356500980201365E+08,  9.228919436074883E+06
2460036.500000000, A.D. 2023-Apr-02 00:00:00.0000, -2.687108710855118E+07,  4.357292357396677E+08,  9.347372544503629E+06
2460037.500000000, A.D. 2023-Apr-03 00:00:00.0000, -2.794621711859832E+07,  4.358031877564318E+08,  9.465714762634963E+06
2460038.500000000, A.D. 2023-Apr-04 00:00:00.0000, -2.902102908679924E+07,  4.358719582288526E+08,  9.583944791699231E+06
2460039.500000000, A.D. 2023-Apr-05 00:00:00.0000, -3.009551055054020E+07,  4.359355512815450E+08,  9.702061334874153E+06
2460040.500000000, A.D. 2023-Apr-06 00:00:00.0000, -3.116964906915473E+07,  4.359939710054271E+08,  9.820063097225785E+06
2460041.500000000, A.D. 2023-Apr-07 00:00:00.0000, -3.224343222337058E+07,  4.360472214578315E+08,  9.937948785649776E+06
2460042.500000000, A.D. 2023-Apr-08 00:00:00.0000, -3.331684761475901E+07,  4.360953066626157E+08,  1.005571710881329E+07
2460043.500000000, A.D. 2023-Apr-09 00:00:00.0000, -3.438988286518717E+07,  4.361382306102730E+08,  1.017336677709657E+07
2460044.500000000, A.D. 2023-Apr-10 00:00:00.0000, -3.546252561627311E+07,  4.361759972580421E+08,  1.029089650253570E+07
2460045.500000000, A.D. 2023-Apr-11 00:00:00.0000, -3.653476352884345E+07,  4.362086105300168E+08,  1.040830499876496E+07
2460046.500000000, A.D. 2023-Apr-12 00:00:00.0000, -3.760658428239400E+07,  4.362360743172553E+08,  1.052559098095936E+07
2460047.500000000, A.D. 2023-Apr-13 00:00:00.0000, -3.867797557455207E+07,  4.362583924778889E+08,  1.064275316577816E+07
2460048.500000000, A.D. 2023-Apr-14 00:00:00.0000, -3.974892512054233E+07,  4.362755688372309E+08,  1.075979027130792E+07
2460049.500000000, A.D. 2023-Apr-15 00:00:00.0000, -4.081942065265436E+07,  4.362876071878843E+08,  1.087670101700646E+07
2460050.500000000, A.D. 2023-Apr-16 00:00:00.0000, -4.188944991971287E+07,  4.362945112898501E+08,  1.099348412364605E+07
2460051.500000000, A.D. 2023-Apr-17 00:00:00.0000, -4.295900068655007E+07,  4.362962848706350E+08,  1.111013831325838E+07
2460052.500000000, A.D. 2023-Apr-18 00:00:00.0000, -4.402806073348030E+07,  4.362929316253582E+08,  1.122666230907831E+07
2460053.500000000, A.D. 2023-Apr-19 00:00:00.0000, -4.509661785577689E+07,  4.362844552168590E+08,  1.134305483548847E+07
2460054.500000000, A.D. 2023-Apr-20 00:00:00.0000, -4.616465986315096E+07,  4.362708592758031E+08,  1.145931461796433E+07
2460055.500000000, A.D. 2023-Apr-21 00:00:00.0000, -4.723217457923243E+07,  4.362521474007888E+08,  1.157544038301894E+07
2460056.500000000, A.D. 2023-Apr-22 00:00:00.0000, -4.829914984105287E+07,  4.362283231584536E+08,  1.169143085814828E+07
2460057.500000000, A.D. 2023-Apr-23 00:00:00.0000, -4.936557349853038E+07,  4.361993900835799E+08,  1.180728477177641E+07
2460058.500000000, A.D. 2023-Apr-24 00:00:00.0000, -5.043143341395625E+07,  4.361653516791998E+08,  1.192300085320166E+07
2460059.500000000, A.D. 2023-Apr-25 00:00:00.0000, -5.149671746148346E+07,  4.361262114167012E+08,  1.203857783254185E+07
2460060.500000000, A.D. 2023-Apr-26 00:00:00.0000, -5.256141352661695E+07,  4.360819727359322E+08,  1.215401444068053E+07
2460061.500000000, A.D. 2023-Apr-27 00:00:00.0000, -5.362550950570548E+07,  4.360326390453055E+08,  1.226930940921307E+07
2460062.500000000, A.D. 2023-Apr-28 00:00:00.0000, -5.468899330543536E+07,  4.359782137219035E+08,  1.238446147039306E+07
2460063.500000000, A.D. 2023-Apr-29 00:00:00.0000, -5.575185284232545E+07,  4.359187001115807E+08,  1.249946935707906E+07
2460064.500000000, A.D. 2023-Apr-30 00:00:00.0000, -5.681407604222398E+07,  4.358541015290698E+08,  1.261433180268073E+07
2460065.500000000, A.D. 2023-May-01 00:00:00.0000, -5.787565083980666E+07,  4.357844212580827E+08,  1.272904754110602E+07
2460066.500000000, A.D. 2023-May-02 00:00:00.0000, -5.893656517807632E+07,  4.357096625514151E+08,  1.284361530670834E+07
2460067.500000000, A.D. 2023-May-03 00:00:00.0000, -5.999680700786389E+07,  4.356298286310492E+08,  1.295803383423313E+07
2460068.500000000, A.D. 2023-May-04 00:00:00.0000, -6.105636428733063E+07,  4.355449226882554E+08,  1.307230185876572E+07
2460069.500000000, A.D. 2023-May-05 00:00:00.0000, -6.211522498147178E+07,  4.354549478836960E+08,  1.318641811567834E+07
2460070.500000000, A.D. 2023-May-06 00:00:00.0000, -6.317337706162128E+07,  4.353599073475260E+08,  1.330038134057793E+07
2460071.500000000, A.D. 2023-May-07 00:00:00.0000, -6.423080850495777E+07,  4.352598041794955E+08,  1.341419026925343E+07
2460072.500000000, A.D. 2023-May-08 00:00:00.0000, -6.528750729401162E+07,  4.351546414490513E+08,  1.352784363762408E+07
2460073.500000000, A.D. 2023-May-09 00:00:00.0000, -6.634346141617308E+07,  4.350444221954377E+08,  1.364134018168682E+07
2460074.500000000, A.D. 2023-May-10 00:00:00.0000, -6.739865886320138E+07,  4.349291494277979E+08,  1.375467863746467E+07
2460075.500000000, A.D. 2023-May-11 00:00:00.0000, -6.845308763073491E+07,  4.348088261252744E+08,  1.386785774095443E+07
2460076.500000000, A.D. 2023-May-12 00:00:00.0000, -6.950673571780218E+07,  4.346834552371104E+08,  1.398087622807521E+07
2460077.500000000, A.D. 2023-May-13 00:00:00.0000, -7.055959112633373E+07,  4.345530396827486E+08,  1.409373283461687E+07
2460078.500000000, A.D. 2023-May-14 00:00:00.0000, -7.161164186067486E+07,  4.344175823519326E+08,  1.420642629618773E+07
2460079.500000000, A.D. 2023-May-15 00:00:00.0000, -7.266287592709905E+07,  4.342770861048062E+08,  1.431895534816381E+07
2460080.500000000, A.D. 2023-May-16 00:00:00.0000, -7.371328133332218E+07,  4.341315537720129E+08,  1.443131872563675E+07
2460081.500000000, A.D. 2023-May-17 00:00:00.0000, -7.476284608801743E+07,  4.339809881547956E+08,  1.454351516336277E+07
2460082.500000000, A.D. 2023-May-18 00:00:00.0000, -7.581155820033063E+07,  4.338253920250958E+08,  1.465554339571112E+07
2460083.500000000, A.D. 2023-May-19 00:00:00.0000, -7.685940567939641E+07,  4.336647681256520E+08,  1.476740215661317E+07
2460084.500000000, A.D. 2023-May-20 00:00:00.0000, -7.790637653385481E+07,  4.334991191700995E+08,  1.487909017951074E+07
2460085.500000000, A.D. 2023-May-21 00:00:00.0000, -7.895245877136821E+07,  4.333284478430679E+08,  1.499060619730517E+07
2460086.500000000, A.D. 2023-May-22 00:00:00.0000, -7.999764039813887E+07,  4.331527568002809E+08,  1.510194894230610E+07
2460087.500000000, A.D. 2023-May-23 00:00:00.0000, -8.104190941842681E+07,  4.329720486686534E+08,  1.521311714618063E+07
2460088.500000000, A.D. 2023-May-24 00:00:00.0000, -8.208525383406799E+07,  4.327863260463898E+08,  1.532410953990206E+07
2460089.500000000, A.D. 2023-May-25 00:00:00.0000, -8.312766164399271E+07,  4.325955915030825E+08,  1.543492485369876E+07
2460090.500000000, A.D. 2023-May-26 00:00:00.0000, -8.416912084374446E+07,  4.323998475798094E+08,  1.554556181700346E+07
2460091.500000000, A.D. 2023-May-27 00:00:00.0000, -8.520961942499861E+07,  4.321990967892316E+08,  1.565601915840209E+07
2460092.500000000, A.D. 2023-May-28 00:00:00.0000, -8.624914537508172E+07,  4.319933416156906E+08,  1.576629560558292E+07
2460093.500000000, A.D. 2023-May-29 00:00:00.0000, -8.728768667649044E+07,  4.317825845153063E+08,  1.587638988528550E+07
2460094.500000000, A.D. 2023-May-30 00:00:00.0000, -8.832523130641080E+07,  4.315668279160742E+08,  1.598630072324976E+07
2460095.500000000, A.D. 2023-May-31 00:00:00.0000, -8.936176723623744E+07,  4.313460742179620E+08,  1.609602684416518E+07
2460096.500000000, A.D. 2023-Jun-01 00:00:00.0000, -9.039728243109259E+07,  4.311203257930073E+08,  1.620556697161958E+07
2460097.500000000, A.D. 2023-Jun-02 00:00:00.0000, -9.143176484934531E+07,  4.308895849854147E+08,  1.631491982804829E+07
2460098.500000000, A.D. 2023-Jun-03 00:00:00.0000, -9.246520244213019E+07,  4.306538541116521E+08,  1.642408413468334E+07
2460099.500000000, A.D. 2023-Jun-04 00:00:00.0000, -9.349758315286627E+07,  4.304131354605482E+08,  1.653305861150217E+07
2460100.500000000, A.D. 2023-Jun-05 00:00:00.0000, -9.452889491677536E+07,  4.301674312933891E+08,  1.664184197717676E+07
2460101.500000000, A.D. 2023-Jun-06 00:00:00.0000, -9.555912566040027E+07,  4.299167438440149E+08,  1.675043294902256E+07
2460102.500000000, A.D. 2023-Jun-07 00:00:00.0000, -9.658826330112268E+07,  4.296610753189167E+08,  1.685883024294725E+07
2460103.500000000, A.D. 2023-Jun-08 00:00:00.0000, -9.761629574668075E+07,  4.294004278973333E+08,  1.696703257339984E+07
2460104.500000000, A.D. 2023-Jun-09 00:00:00.0000, -9.864321089468592E+07,  4.291348037313471E+08,  1.707503865331936E+07
2460105.500000000, A.D. 2023-Jun-10 00:00:00.0000, -9.966899663213982E+07,  4.288642049459822E+08,  1.718284719408354E+07
2460106.500000000, A.D. 2023-Jun-11 00:00:00.0000, -1.006936408349501E+08,  4.285886336393000E+08,  1.729045690545768E+07
2460107.500000000, A.D. 2023-Jun-12 00:00:00.0000, -1.017171313674460E+08,  4.283080918824960E+08,  1.739786649554321E+07
2460108.500000000, A.D. 2023-Jun-13 00:00:00.0000, -1.027394560818936E+08,  4.280225817199972E+08,  1.750507467072633E+07
2460109.500000000, A.D. 2023-Jun-14 00:00:00.0000, -1.037606028180094E+08,  4.277321051695579E+08,  1.761208013562649E+07
2460110.500000000, A.D. 2023-Jun-15 00:00:00.0000, -1.047805594024746E+08,  4.274366642223573E+08,  1.771888159304479E+07
2460111.500000000, A.D. 2023-Jun-16 00:00:00.0000, -1.057993136484474E+08,  4.271362608430961E+08,  1.782547774391231E+07
2460112.500000000, A.D. 2023-Jun-17 00:00:00.0000, -1.068168533550753E+08,  4.268308969700934E+08,  1.793186728723863E+07
2460113.500000000, A.D. 2023-Jun-18 00:00:00.0000, -1.078331663070061E+08,  4.265205745153840E+08,  1.803804892005965E+07
2460114.500000000, A.D. 2023-Jun-19 00:00:00.0000, -1.088482402738983E+08,  4.262052953648152E+08,  1.814402133738592E+07
2460115.500000000, A.D. 2023-Jun-20 00:00:00.0000, -1.098620630099307E+08,  4.258850613781446E+08,  1.824978323215067E+07
2460116.500000000, A.D. 2023-Jun-21 00:00:00.0000, -1.108746222533098E+08,  4.255598743891372E+08,  1.835533329515737E+07
2460117.500000000, A.D. 2023-Jun-22 00:00:00.0000, -1.118859057257793E+08,  4.252297362056634E+08,  1.846067021502784E+07
2460118.500000000, A.D. 2023-Jun-23 00:00:00.0000, -1.128959011321238E+08,  4.248946486097966E+08,  1.856579267814979E+07
2460119.500000000, A.D. 2023-Jun-24 00:00:00.0000, -1.139045961596754E+08,  4.245546133579113E+08,  1.867069936862427E+07
2460120.500000000, A.D. 2023-Jun-25 00:00:00.0000, -1.149119784778177E+08,  4.242096321807814E+08,  1.877538896821323E+07
2460121.500000000, A.D. 2023-Jun-26 00:00:00.0000, -1.159180357374881E+08,  4.238597067836788E+08,  1.887986015628663E+07
2460122.500000000, A.D. 2023-Jun-27 00:00:00.0000, -1.169227555706796E+08,  4.235048388464727E+08,  1.898411160976958E+07
2460123.500000000, A.D. 2023-Jun-28 00:00:00.0000, -1.179261255899404E+08,  4.231450300237278E+08,  1.908814200308964E+07
2460124.500000000, A.D. 2023-Jun-29 00:00:00.0000, -1.189281333878729E+08,  4.227802819448039E+08,  1.919195000812319E+07
2460125.500000000, A.D. 2023-Jun-30 00:00:00.0000, -1.199287665366310E+08,  4.224105962139564E+08,  1.929553429414243E+07
2460126.500000000, A.D. 2023-Jul-01 00:00:00.0000, -1.209280125874153E+08,  4.220359744104350E+08,  1.939889352776182E+07
2460127.500000000, A.D. 2023-Jul-02 00:00:00.0000, -1.219258590699674E+08,  4.216564180885848E+08,  1.950202637288442E+07
2460128.500000000, A.D. 2023-Jul-03 00:00:00.0000, -1.229222934920624E+08,  4.212719287779464E+08,  1.960493149064818E+07
2460129.500000000, A.D. 2023-Jul-04 00:00:00.0000, -1.239173033389998E+08,  4.208825079833566E+08,  1.970760753937176E+07
2460130.500000000, A.D. 2023-Jul-05 00:00:00.0000, -1.249108760730919E+08,  4.204881571850497E+08,  1.981005317450061E+07
2460131.500000000, A.D. 2023-Jul-06 00:00:00.0000, -1.259029991331519E+08,  4.200888778387591E+08,  1.991226704855222E+07
2460132.500000000, A.D. 2023-Jul-07 00:00:00.0000, -1.268936599339790E+08,  4.196846713758180E+08,  2.001424781106216E+07
2460133.500000000, A.D. 2023-Jul-08 00:00:00.0000, -1.278828458658422E+08,  4.192755392032630E+08,  2.011599410852897E+07
2460134.500000000, A.D. 2023-Jul-09 00:00:00.0000, -1.288705442939620E+08,  4.188614827039349E+08,  2.021750458435926E+07
2460135.500000000, A.D. 2023-Jul-10 00:00:00.0000, -1.298567425579904E+08,  4.184425032365834E+08,  2.031877787881267E+07
2460136.500000000, A.D. 2023-Jul-11 00:00:00.0000, -1.308414279714890E+08,  4.180186021359687E+08,  2.041981262894636E+07
2460137.500000000, A.D. 2023-Jul-12 00:00:00.0000, -1.318245878214044E+08,  4.175897807129661E+08,  2.052060746855998E+07
2460138.500000000, A.D. 2023-Jul-13 00:00:00.0000, -1.328062093675426E+08,  4.171560402546712E+08,  2.062116102813888E+07
2460139.500000000, A.D. 2023-Jul-14 00:00:00.0000, -1.337862798420401E+08,  4.167173820245031E+08,  2.072147193479937E+07
2460140.500000000, A.D. 2023-Jul-15 00:00:00.0000, -1.347647864488341E+08,  4.162738072623110E+08,  2.082153881223145E+07
2460141.500000000, A.D. 2023-Jul-16 00:00:00.0000, -1.357417163631290E+08,  4.158253171844797E+08,  2.092136028064290E+07
2460142.500000000, A.D. 2023-Jul-17 00:00:00.0000, -1.367170567308616E+08,  4.153719129840367E+08,  2.102093495670229E+07
2460143.500000000, A.D. 2023-Jul-18 00:00:00.0000, -1.376907946681641E+08,  4.149135958307591E+08,  2.112026145348239E+07
2460144.500000000, A.D. 2023-Jul-19 00:00:00.0000, -1.386629172608235E+08,  4.144503668712813E+08,  2.121933838040239E+07
2460145.500000000, A.D. 2023-Jul-20 00:00:00.0000, -1.396334115637395E+08,  4.139822272292041E+08,  2.131816434317085E+07
2460146.500000000, A.D. 2023-Jul-21 00:00:00.0000, -1.406022646003799E+08,  4.135091780052038E+08,  2.141673794372779E+07
2460147.500000000, A.D. 2023-Jul-22 00:00:00.0000, -1.415694633622325E+08,  4.130312202771421E+08,  2.151505778018665E+07
2460148.500000000, A.D. 2023-Jul-23 00:00:00.0000, -1.425349948082556E+08,  4.125483551001763E+08,  2.161312244677627E+07
2460149.500000000, A.D. 2023-Jul-24 00:00:00.0000, -1.434988458643246E+08,  4.120605835068718E+08,  2.171093053378171E+07
2460150.500000000, A.D. 2023-Jul-25 00:00:00.0000, -1.444610034226764E+08,  4.115679065073137E+08,  2.180848062748596E+07
2460151.500000000, A.D. 2023-Jul-26 00:00:00.0000, -1.454214543413512E+08,  4.110703250892197E+08,  2.190577131011042E+07
2460152.500000000, A.D. 2023-Jul-27 00:00:00.0000, -1.463801854436305E+08,  4.105678402180542E+08,  2.200280115975565E+07
2460153.500000000, A.D. 2023-Jul-28 00:00:00.0000, -1.473371835174737E+08,  4.100604528371429E+08,  2.209956875034133E+07
2460154.500000000, A.D. 2023-Jul-29 00:00:00.0000, -1.482924353149498E+08,  4.095481638677891E+08,  2.219607265154618E+07
2460155.500000000, A.D. 2023-Jul-30 00:00:00.0000, -1.492459275516672E+08,  4.090309742093886E+08,  2.229231142874804E+07
2460156.500000000, A.D. 2023-Jul-31 00:00:00.0000, -1.501976469062008E+08,  4.085088847395484E+08,  2.238828364296243E+07
2460157.500000000, A.D. 2023-Aug-01 00:00:00.0000, -1.511475800195142E+08,  4.079818963142051E+08,  2.248398785078174E+07
2460158.500000000, A.D. 2023-Aug-02 00:00:00.0000, -1.520957134943803E+08,  4.074500097677431E+08,  2.257942260431391E+07
2460159.500000000, A.D. 2023-Aug-03 00:00:00.0000, -1.530420338947979E+08,  4.069132259131161E+08,  2.267458645112062E+07
2460160.500000000, A.D. 2023-Aug-04 00:00:00.0000, -1.539865277454051E+08,  4.063715455419681E+08,  2.276947793415505E+07
2460161.500000000, A.D. 2023-Aug-05 00:00:00.0000, -1.549291815308887E+08,  4.058249694247555E+08,  2.286409559169948E+07
2460162.500000000, A.D. 2023-Aug-06 00:00:00.0000, -1.558699816953908E+08,  4.052734983108709E+08,  2.295843795730239E+07
2460163.500000000, A.D. 2023-Aug-07 00:00:00.0000, -1.568089146419117E+08,  4.047171329287683E+08,  2.305250355971533E+07
2460164.500000000, A.D. 2023-Aug-08 00:00:00.0000, -1.577459667317089E+08,  4.041558739860880E+08,  2.314629092282924E+07
2460165.500000000, A.D. 2023-Aug-09 00:00:00.0000, -1.586811242836924E+08,  4.035897221697842E+08,  2.323979856561047E+07
2460166.500000000, A.D. 2023-Aug-10 00:00:00.0000, -1.596143735738165E+08,  4.030186781462529E+08,  2.333302500203648E+07
2460167.500000000, A.D. 2023-Aug-11 00:00:00.0000, -1.605457008344677E+08,  4.024427425614619E+08,  2.342596874103093E+07
2460168.500000000, A.D. 2023-Aug-12 00:00:00.0000, -1.614750922538483E+08,  4.018619160410811E+08,  2.351862828639862E+07
2460169.500000000, A.D. 2023-Aug-13 00:00:00.0000, -1.624025339753566E+08,  4.012761991906149E+08,  2.361100213675988E+07
2460170.500000000, A.D. 2023-Aug-14 00:00:00.0000, -1.633280120969630E+08,  4.006855925955353E+08,  2.370308878548446E+07
2460171.500000000, A.D. 2023-Aug-15 00:00:00.0000, -1.642515126705812E+08,  4.000900968214173E+08,  2.379488672062516E+07
2460172.500000000, A.D. 2023-Aug-16 00:00:00.0000, -1.651730217014366E+08,  3.994897124140749E+08,  2.388639442485100E+07
2460173.500000000, A.D. 2023-Aug-17 00:00:00.0000, -1.660925251474287E+08,  3.988844398996986E+08,  2.397761037537971E+07
2460174.500000000, A.D. 2023-Aug-18 00:00:00.0000, -1.670100089184913E+08,  3.982742797849953E+08,  2.406853304391026E+07
2460175.500000000, A.D. 2023-Aug-19 00:00:00.0000, -1.679254588759462E+08,  3.976592325573283E+08,  2.415916089655450E+07
2460176.500000000, A.D. 2023-Aug-20 00:00:00.0000, -1.688388608318537E+08,  3.970392986848606E+08,  2.424949239376822E+07
2460177.500000000, A.D. 2023-Aug-21 00:00:00.0000, -1.697502005483585E+08,  3.964144786166980E+08,  2.433952599028239E+07
2460178.500000000, A.D. 2023-Aug-22 00:00:00.0000, -1.706594637370305E+08,  3.957847727830355E+08,  2.442926013503340E+07
2460179.500000000, A.D. 2023-Aug-23 00:00:00.0000, -1.715666360582008E+08,  3.951501815953040E+08,  2.451869327109286E+07
2460180.500000000, A.D. 2023-Aug-24 00:00:00.0000, -1.724717031202941E+08,  3.945107054463201E+08,  2.460782383559698E+07
2460181.500000000, A.D. 2023-Aug-25 00:00:00.0000, -1.733746504791545E+08,  3.938663447104363E+08,  2.469665025967562E+07
2460182.500000000, A.D. 2023-Aug-26 00:00:00.0000, -1.742754636373681E+08,  3.932170997436944E+08,  2.478517096838036E+07
2460183.500000000, A.D. 2023-Aug-27 00:00:00.0000, -1.751741280435791E+08,  3.925629708839797E+08,  2.487338438061270E+07
2460184.500000000, A.D. 2023-Aug-28 00:00:00.0000, -1.760706290918021E+08,  3.919039584511774E+08,  2.496128890905121E+07
2460185.500000000, A.D. 2023-Aug-29 00:00:00.0000, -1.769649521207282E+08,  3.912400627473313E+08,  2.504888296007848E+07
2460186.500000000, A.D. 2023-Aug-30 00:00:00.0000, -1.778570824130264E+08,  3.905712840568042E+08,  2.513616493370697E+07
2460187.500000000, A.D. 2023-Aug-31 00:00:00.0000, -1.787470051946400E+08,  3.898976226464409E+08,  2.522313322350526E+07
2460188.500000000, A.D. 2023-Sep-01 00:00:00.0000, -1.796347056340764E+08,  3.892190787657318E+08,  2.530978621652296E+07
2460189.500000000, A.D. 2023-Sep-02 00:00:00.0000, -1.805201688416929E+08,  3.885356526469808E+08,  2.539612229321501E+07
2460190.500000000, A.D. 2023-Sep-03 00:00:00.0000, -1.814033798689756E+08,  3.878473445054734E+08,  2.548213982736629E+07
2460191.500000000, A.D. 2023-Sep-04 00:00:00.0000, -1.822843237078137E+08,  3.871541545396492E+08,  2.556783718601459E+07
2460192.500000000, A.D. 2023-Sep-05 00:00:00.0000, -1.831629852897671E+08,  3.864560829312736E+08,  2.565321272937348E+07
2460193.500000000, A.D. 2023-Sep-06 00:00:00.0000, -1.840393494853291E+08,  3.857531298456156E+08,  2.573826481075481E+07
2460194.500000000, A.D. 2023-Sep-07 00:00:00.0000, -1.849134011031826E+08,  3.850452954316252E+08,  2.582299177649000E+07
2460195.500000000, A.D. 2023-Sep-08 00:00:00.0000, -1.857851248894492E+08,  3.843325798221137E+08,  2.590739196585134E+07
2460196.500000000, A.D. 2023-Sep-09 00:00:00.0000, -1.866545055269355E+08,  3.836149831339386E+08,  2.599146371097207E+07
2460197.500000000, A.D. 2023-Sep-10 00:00:00.0000, -1.875215276343696E+08,  3.828925054681882E+08,  2.607520533676624E+07
2460198.500000000, A.D. 2023-Sep-11 00:00:00.0000, -1.883861757656329E+08,  3.821651469103706E+08,  2.615861516084805E+07
2460199.500000000, A.D. 2023-Sep-12 00:00:00.0000, -1.892484344089857E+08,  3.814329075306051E+08,  2.624169149344987E+07
2460200.500000000, A.D. 2023-Sep-13 00:00:00.0000, -1.901082879862858E+08,  3.806957873838155E+08,  2.632443263734028E+07
2460201.500000000, A.D. 2023-Sep-14 00:00:00.0000, -1.909657208522006E+08,  3.799537865099281E+08,  2.640683688774088E+07
2460202.500000000, A.D. 2023-Sep-15 00:00:00.0000, -1.918207172934129E+08,  3.792069049340705E+08,  2.648890253224312E+07
2460203.500000000, A.D. 2023-Sep-16 00:00:00.0000, -1.926732615278196E+08,  3.784551426667746E+08,  2.657062785072365E+07
2460204.500000000, A.D. 2023-Sep-17 00:00:00.0000, -1.935233377037235E+08,  3.776984997041826E+08,  2.665201111525969E+07
2460205.500000000, A.D. 2023-Sep-18 00:00:00.0000, -1.943709298990185E+08,  3.769369760282555E+08,  2.673305059004278E+07
2460206.500000000, A.D. 2023-Sep-19 00:00:00.0000, -1.952160221203670E+08,  3.761705716069851E+08,  2.681374453129280E+07
2460207.500000000, A.D. 2023-Sep-20 00:00:00.0000, -1.960585983023712E+08,  3.753992863946095E+08,  2.689409118717068E+07
2460208.500000000, A.D. 2023-Sep-21 00:00:00.0000, -1.968986423067366E+08,  3.746231203318318E+08,  2.697408879769062E+07
2460209.500000000, A.D. 2023-Sep-22 00:00:00.0000, -1.977361379214275E+08,  3.738420733460419E+08,  2.705373559463108E+07
2460210.500000000, A.D. 2023-Sep-23 00:00:00.0000, -1.985710688598158E+08,  3.730561453515420E+08,  2.713302980144569E+07
2460211.500000000, A.D. 2023-Sep-24 00:00:00.0000, -1.994034187598223E+08,  3.722653362497761E+08,  2.721196963317293E+07
2460212.500000000, A.D. 2023-Sep-25 00:00:00.0000, -2.002331711830498E+08,  3.714696459295626E+08,  2.729055329634511E+07
2460213.500000000, A.D. 2023-Sep-26 00:00:00.0000, -2.010603096139083E+08,  3.706690742673305E+08,  2.736877898889650E+07
2460214.500000000, A.D. 2023-Sep-27 00:00:00.0000, -2.018848174587324E+08,  3.698636211273606E+08,  2.744664490007101E+07
2460215.500000000, A.D. 2023-Sep-28 00:00:00.0000, -2.027066780448909E+08,  3.690532863620290E+08,  2.752414921032828E+07
2460216.500000000, A.D. 2023-Sep-29 00:00:00.0000, -2.035258746198877E+08,  3.682380698120551E+08,  2.760129009124999E+07
2460217.500000000, A.D. 2023-Sep-30 00:00:00.0000, -2.043423903504539E+08,  3.674179713067548E+08,  2.767806570544426E+07
2460218.500000000, A.D. 2023-Oct-01 00:00:00.0000, -2.051562083216328E+08,  3.665929906642958E+08,  2.775447420644984E+07
2460219.500000000, A.D. 2023-Oct-02 00:00:00.0000, -2.059673115358553E+08,  3.657631276919581E+08,  2.783051373863940E+07
2460220.500000000, A.D. 2023-Oct-03 00:00:00.0000, -2.067756829120065E+08,  3.649283821863993E+08,  2.790618243712151E+07
2460221.500000000, A.D. 2023-Oct-04 00:00:00.0000, -2.075813052844837E+08,  3.640887539339229E+08,  2.798147842764223E+07
2460222.500000000, A.D. 2023-Oct-05 00:00:00.0000, -2.083841614022460E+08,  3.632442427107521E+08,  2.805639982648559E+07
2460223.500000000, A.D. 2023-Oct-06 00:00:00.0000, -2.091842339278540E+08,  3.623948482833079E+08,  2.813094474037288E+07
2460224.500000000, A.D. 2023-Oct-07 00:00:00.0000, -2.099815054365005E+08,  3.615405704084909E+08,  2.820511126636162E+07
2460225.500000000, A.D. 2023-Oct-08 00:00:00.0000, -2.107759584150329E+08,  3.606814088339696E+08,  2.827889749174298E+07
2460226.500000000, A.D. 2023-Oct-09 00:00:00.0000, -2.115675752609643E+08,  3.598173632984720E+08,  2.835230149393848E+07
2460227.500000000, A.D. 2023-Oct-10 00:00:00.0000, -2.123563382814769E+08,  3.589484335320829E+08,  2.842532134039599E+07
2460228.500000000, A.D. 2023-Oct-11 00:00:00.0000, -2.131422296924147E+08,  3.580746192565461E+08,  2.849795508848415E+07
2460229.500000000, A.D. 2023-Oct-12 00:00:00.0000, -2.139252316172666E+08,  3.571959201855725E+08,  2.857020078538646E+07
2460230.500000000, A.D. 2023-Oct-13 00:00:00.0000, -2.147053260861396E+08,  3.563123360251517E+08,  2.864205646799381E+07
2460231.500000000, A.D. 2023-Oct-14 00:00:00.0000, -2.154824950347218E+08,  3.554238664738715E+08,  2.871352016279635E+07
2460232.500000000, A.D. 2023-Oct-15 00:00:00.0000, -2.162567203032351E+08,  3.545305112232409E+08,  2.878458988577424E+07
2460233.500000000, A.D. 2023-Oct-16 00:00:00.0000, -2.170279836353778E+08,  3.536322699580203E+08,  2.885526364228694E+07
2460234.500000000, A.D. 2023-Oct-17 00:00:00.0000, -2.177962666772560E+08,  3.527291423565564E+08,  2.892553942696235E+07
2460235.500000000, A.D. 2023-Oct-18 00:00:00.0000, -2.185615509763052E+08,  3.518211280911237E+08,  2.899541522358397E+07
2460236.500000000, A.D. 2023-Oct-19 00:00:00.0000, -2.193238179802001E+08,  3.509082268282717E+08,  2.906488900497730E+07
2460237.500000000, A.D. 2023-Oct-20 00:00:00.0000, -2.200830490357540E+08,  3.499904382291790E+08,  2.913395873289530E+07
2460238.500000000, A.D. 2023-Oct-21 00:00:00.0000, -2.208392253878069E+08,  3.490677619500129E+08,  2.920262235790247E+07
2460239.500000000, A.D. 2023-Oct-22 00:00:00.0000, -2.215923281781020E+08,  3.481401976422955E+08,  2.927087781925799E+07
2460240.500000000, A.D. 2023-Oct-23 00:00:00.0000, -2.223423384441510E+08,  3.472077449532773E+08,  2.933872304479739E+07
2460241.500000000, A.D. 2023-Oct-24 00:00:00.0000, -2.230892371180875E+08,  3.462704035263168E+08,  2.940615595081352E+07
2460242.500000000, A.D. 2023-Oct-25 00:00:00.0000, -2.238330050255089E+08,  3.453281730012668E+08,  2.947317444193600E+07
2460243.500000000, A.D. 2023-Oct-26 00:00:00.0000, -2.245736228843059E+08,  3.443810530148688E+08,  2.953977641100951E+07
2460244.500000000, A.D. 2023-Oct-27 00:00:00.0000, -2.253110713034801E+08,  3.434290432011533E+08,  2.960595973897092E+07
2460245.500000000, A.D. 2023-Oct-28 00:00:00.0000, -2.260453307819493E+08,  3.424721431918487E+08,  2.967172229472511E+07
2460246.500000000, A.D. 2023-Oct-29 00:00:00.0000, -2.267763817073396E+08,  3.415103526167963E+08,  2.973706193501978E+07
2460247.500000000, A.D. 2023-Oct-30 00:00:00.0000, -2.275042043547663E+08,  3.405436711043746E+08,  2.980197650431857E+07
2460248.500000000, A.D. 2023-Oct-31 00:00:00.0000, -2.282287788856002E+08,  3.395720982819304E+08,  2.986646383467342E+07
2460249.500000000, A.D. 2023-Nov-01 00:00:00.0000, -2.289500853462219E+08,  3.385956337762177E+08,  2.993052174559510E+07
2460250.500000000, A.D. 2023-Nov-02 00:00:00.0000, -2.296681036667628E+08,  3.376142772138460E+08,  2.999414804392271E+07
2460251.500000000, A.D. 2023-Nov-03 00:00:00.0000, -2.303828136598319E+08,  3.366280282217354E+08,  3.005734052369195E+07
2460252.500000000, A.D. 2023-Nov-04 00:00:00.0000, -2.310941950192302E+08,  3.356368864275818E+08,  3.012009696600166E+07
2460253.500000000, A.D. 2023-Nov-05 00:00:00.0000, -2.318022273186499E+08,  3.346408514603295E+08,  3.018241513887948E+07
2460254.500000000, A.D. 2023-Nov-06 00:00:00.0000, -2.325068900103608E+08,  3.336399229506540E+08,  3.024429279714562E+07
2460255.500000000, A.D. 2023-Nov-07 00:00:00.0000, -2.332081624238818E+08,  3.326341005314524E+08,  3.030572768227538E+07
2460256.500000000, A.D. 2023-Nov-08 00:00:00.0000, -2.339060237646378E+08,  3.316233838383445E+08,  3.036671752226074E+07
2460257.500000000, A.D. 2023-Nov-09 00:00:00.0000, -2.346004531126027E+08,  3.306077725101826E+08,  3.042726003146966E+07
2460258.500000000, A.D. 2023-Nov-10 00:00:00.0000, -2.352914294209271E+08,  3.295872661895716E+08,  3.048735291050437E+07
2460259.500000000, A.D. 2023-Nov-11 00:00:00.0000, -2.359789315145504E+08,  3.285618645233986E+08,  3.054699384605822E+07
2460260.500000000, A.D. 2023-Nov-12 00:00:00.0000, -2.366629380887988E+08,  3.275315671633723E+08,  3.060618051077096E+07
2460261.500000000, A.D. 2023-Nov-13 00:00:00.0000, -2.373434277079671E+08,  3.264963737665737E+08,  3.066491056308231E+07
2460262.500000000, A.D. 2023-Nov-14 00:00:00.0000, -2.380203788038843E+08,  3.254562839960168E+08,  3.072318164708418E+07
2460263.500000000, A.D. 2023-Nov-15 00:00:00.0000, -2.386937696744646E+08,  3.244112975212199E+08,  3.078099139237125E+07
2460264.500000000, A.D. 2023-Nov-16 00:00:00.0000, -2.393635784822405E+08,  3.233614140187886E+08,  3.083833741388990E+07
2460265.500000000, A.D. 2023-Nov-17 00:00:00.0000, -2.400297832528810E+08,  3.223066331730093E+08,  3.089521731178570E+07
2460266.500000000, A.D. 2023-Nov-18 00:00:00.0000, -2.406923618736925E+08,  3.212469546764547E+08,  3.095162867124899E+07
2460267.500000000, A.D. 2023-Nov-19 00:00:00.0000, -2.413512920921024E+08,  3.201823782306013E+08,  3.100756906235890E+07
2460268.500000000, A.D. 2023-Nov-20 00:00:00.0000, -2.420065515141262E+08,  3.191129035464575E+08,  3.106303603992601E+07
2460269.500000000, A.D. 2023-Nov-21 00:00:00.0000, -2.426581176028171E+08,  3.180385303452064E+08,  3.111802714333276E+07
2460270.500000000, A.D. 2023-Nov-22 00:00:00.0000, -2.433059676766976E+08,  3.169592583588585E+08,  3.117253989637233E+07
2460271.500000000, A.D. 2023-Nov-23 00:00:00.0000, -2.439500789081736E+08,  3.158750873309186E+08,  3.122657180708605E+07
2460272.500000000, A.D. 2023-Nov-24 00:00:00.0000, -2.445904283219303E+08,  3.147860170170664E+08,  3.128012036759849E+07
2460273.500000000, A.D. 2023-Nov-25 00:00:00.0000, -2.452269927933093E+08,  3.136920471858479E+08,  3.133318305395141E+07
2460274.500000000, A.D. 2023-Nov-26 00:00:00.0000, -2.458597490466678E+08,  3.125931776193836E+08,  3.138575732593517E+07
2460275.500000000, A.D. 2023-Nov-27 00:00:00.0000, -2.464886736537178E+08,  3.114894081140880E+08,  3.143784062691887E+07
2460276.500000000, A.D. 2023-Nov-28 00:00:00.0000, -2.471137430318476E+08,  3.103807384814048E+08,  3.148943038367806E+07
2460277.500000000, A.D. 2023-Nov-29 00:00:00.0000, -2.477349334424220E+08,  3.092671685485562E+08,  3.154052400622125E+07
2460278.500000000, A.D. 2023-Nov-30 00:00:00.0000, -2.483522209890648E+08,  3.081486981593064E+08,  3.159111888761386E+07
2460279.500000000, A.D. 2023-Dec-01 00:00:00.0000, -2.489655816159195E+08,  3.070253271747413E+08,  3.164121240380041E+07
2460280.500000000, A.D. 2023-Dec-02 00:00:00.0000, -2.495749911058908E+08,  3.058970554740632E+08,  3.169080191342483E+07
2460281.500000000, A.D. 2023-Dec-03 00:00:00.0000, -2.501804250788653E+08,  3.047638829554006E+08,  3.173988475764862E+07
2460282.500000000, A.D. 2023-Dec-04 00:00:00.0000, -2.507818589899113E+08,  3.036258095366356E+08,  3.178845825996733E+07
2460283.500000000, A.D. 2023-Dec-05 00:00:00.0000, -2.513792681274572E+08,  3.024828351562463E+08,  3.183651972602420E+07
2460284.500000000, A.D. 2023-Dec-06 00:00:00.0000, -2.519726276114494E+08,  3.013349597741672E+08,  3.188406644342278E+07
2460285.500000000, A.D. 2023-Dec-07 00:00:00.0000, -2.525619123914871E+08,  3.001821833726665E+08,  3.193109568153635E+07
2460286.500000000, A.D. 2023-Dec-08 00:00:00.0000, -2.531470972449365E+08,  2.990245059572403E+08,  3.197760469131613E+07
2460287.500000000, A.D. 2023-Dec-09 00:00:00.0000, -2.537281567750218E+08,  2.978619275575264E+08,  3.202359070509666E+07
2460288.500000000, A.D. 2023-Dec-10 00:00:00.0000, -2.543050654088938E+08,  2.966944482282348E+08,  3.206905093639933E+07
2460289.500000000, A.D. 2023-Dec-11 00:00:00.0000, -2.548777973956757E+08,  2.955220680500980E+08,  3.211398257973365E+07
2460290.500000000, A.D. 2023-Dec-12 00:00:00.0000, -2.554463268044858E+08,  2.943447871308410E+08,  3.215838281039618E+07
2460291.500000000, A.D. 2023-Dec-13 00:00:00.0000, -2.560106275224361E+08,  2.931626056061696E+08,  3.220224878426701E+07
2460292.500000000, A.D. 2023-Dec-14 00:00:00.0000, -2.565706732526074E+08,  2.919755236407801E+08,  3.224557763760455E+07
2460293.500000000, A.D. 2023-Dec-15 00:00:00.0000, -2.571264375120007E+08,  2.907835414293892E+08,  3.228836648683736E+07
2460294.500000000, A.D. 2023-Dec-16 00:00:00.0000, -2.576778936294630E+08,  2.895866591977849E+08,  3.233061242835376E+07
2460295.500000000, A.D. 2023-Dec-17 00:00:00.0000, -2.582250147435890E+08,  2.883848772038990E+08,  3.237231253828934E+07
2460296.500000000, A.D. 2023-Dec-18 00:00:00.0000, -2.587677738005976E+08,  2.871781957389019E+08,  3.241346387231168E+07
2460297.500000000, A.D. 2023-Dec-19 00:00:00.0000, -2.593061435521824E+08,  2.859666151283197E+08,  3.245406346540277E+07
2460298.500000000, A.D. 2023-Dec-20 00:00:00.0000, -2.598400965533367E+08,  2.847501357331749E+08,  3.249410833163907E+07
2460299.500000000, A.D. 2023-Dec-21 00:00:00.0000, -2.603696051601520E+08,  2.835287579511501E+08,  3.253359546396892E+07
2460300.500000000, A.D. 2023-Dec-22 00:00:00.0000, -2.608946415275906E+08,  2.823024822177762E+08,  3.257252183398731E+07
2460301.500000000, A.D. 2023-Dec-23 00:00:00.0000, -2.614151776072297E+08,  2.810713090076461E+08,  3.261088439170840E+07
2460302.500000000, A.D. 2023-Dec-24 00:00:00.0000, -2.619311851449794E+08,  2.798352388356524E+08,  3.264868006533504E+07
2460303.500000000, A.D. 2023-Dec-25 00:00:00.0000, -2.624426356787727E+08,  2.785942722582523E+08,  3.268590576102595E+07
2460304.500000000, A.D. 2023-Dec-26 00:00:00.0000, -2.629495005362265E+08,  2.773484098747582E+08,  3.272255836266002E+07
2460305.500000000, A.D. 2023-Dec-27 00:00:00.0000, -2.634517508322749E+08,  2.760976523286558E+08,  3.275863473159814E+07
2460306.500000000, A.D. 2023-Dec-28 00:00:00.0000, -2.639493574667728E+08,  2.748420003089499E+08,  3.279413170644189E+07
2460307.500000000, A.D. 2023-Dec-29 00:00:00.0000, -2.644422911220703E+08,  2.735814545515385E+08,  3.282904610279006E+07
2460308.500000000, A.D. 2023-Dec-30 00:00:00.0000, -2.649305222605575E+08,  2.723160158406157E+08,  3.286337471299158E+07
2460309.500000000, A.D. 2023-Dec-31 00:00:00.0000, -2.654140211221778E+08,  2.710456850101046E+08,  3.289711430589636E+07
2460310.500000000, A.D. 2024-Jan-01 00:00:00.0000, -2.658927577219122E+08,  2.697704629451200E+08,  3.293026162660253E+07
2460311.500000000, A.D. 2024-Jan-02 00:00:00.0000, -2.663667018472306E+08,  2.684903505834628E+08,  3.296281339620143E+07
2460312.500000000, A.D. 2024-Jan-03 00:00:00.0000, -2.668358230555133E+08,  2.672053489171447E+08,  3.299476631151915E+07
2460313.500000000, A.D. 2024-Jan-04 00:00:00.0000, -2.673000906714388E+08,  2.659154589939474E+08,  3.302611704485518E+07
2460314.500000000, A.D. 2024-Jan-05 00:00:00.0000, -2.677594737843408E+08,  2.646206819190128E+08,  3.305686224371834E+07
2460315.500000000, A.D. 2024-Jan-06 00:00:00.0000, -2.682139412455307E+08,  2.633210188564684E+08,  3.308699853055893E+07
2460316.500000000, A.D. 2024-Jan-07 00:00:00.0000, -2.686634616655883E+08,  2.620164710310873E+08,  3.311652250249884E+07
2460317.500000000, A.D. 2024-Jan-08 00:00:00.0000, -2.691080034116176E+08,  2.607070397299833E+08,  3.314543073105732E+07
2460318.500000000, A.D. 2024-Jan-09 00:00:00.0000, -2.695475346044691E+08,  2.593927263043425E+08,  3.317371976187450E+07
2460319.500000000, A.D. 2024-Jan-10 00:00:00.0000, -2.699820231159273E+08,  2.580735321711930E+08,  3.320138611443128E+07
2460320.500000000, A.D. 2024-Jan-11 00:00:00.0000, -2.704114365658621E+08,  2.567494588152113E+08,  3.322842628176603E+07
2460321.500000000, A.D. 2024-Jan-12 00:00:00.0000, -2.708357423193465E+08,  2.554205077905687E+08,  3.325483673018791E+07
2460322.500000000, A.D. 2024-Jan-13 00:00:00.0000, -2.712549074837362E+08,  2.540866807228176E+08,  3.328061389898708E+07
2460323.500000000, A.D. 2024-Jan-14 00:00:00.0000, -2.716688989057137E+08,  2.527479793108181E+08,  3.330575420014130E+07
2460324.500000000, A.D. 2024-Jan-15 00:00:00.0000, -2.720776831682950E+08,  2.514044053287069E+08,  3.333025401801930E+07
2460325.500000000, A.D. 2024-Jan-16 00:00:00.0000, -2.724812265877985E+08,  2.500559606279092E+08,  3.335410970908061E+07
2460326.500000000, A.D. 2024-Jan-17 00:00:00.0000, -2.728794952107760E+08,  2.487026471391944E+08,  3.337731760157181E+07
2460327.500000000, A.D. 2024-Jan-18 00:00:00.0000, -2.732724548109049E+08,  2.473444668747755E+08,  3.339987399521954E+07
2460328.500000000, A.D. 2024-Jan-19 00:00:00.0000, -2.736600708858410E+08,  2.459814219304564E+08,  3.342177516091952E+07
2460329.500000000, A.D. 2024-Jan-20 00:00:00.0000, -2.740423086540321E+08,  2.446135144878252E+08,  3.344301734042245E+07
2460330.500000000, A.D. 2024-Jan-21 00:00:00.0000, -2.744191330514911E+08,  2.432407468164948E+08,  3.346359674601571E+07
2460331.500000000, A.D. 2024-Jan-22 00:00:00.0000, -2.747905087285277E+08,  2.418631212763948E+08,  3.348350956020179E+07
2460332.500000000, A.D. 2024-Jan-23 00:00:00.0000, -2.751564000464399E+08,  2.404806403201121E+08,  3.350275193537286E+07
2460333.500000000, A.D. 2024-Jan-24 00:00:00.0000, -2.755167710741628E+08,  2.390933064952839E+08,  3.352131999348155E+07
2460334.500000000, A.D. 2024-Jan-25 00:00:00.0000, -2.758715855848745E+08,  2.377011224470434E+08,  3.353920982570776E+07
2460335.500000000, A.D. 2024-Jan-26 00:00:00.0000, -2.762208070525608E+08,  2.363040909205201E+08,  3.355641749212186E+07
2460336.500000000, A.D. 2024-Jan-27 00:00:00.0000, -2.765643986485344E+08,  2.349022147633948E+08,  3.357293902134386E+07
2460337.500000000, A.D. 2024-Jan-28 00:00:00.0000, -2.769023232379104E+08,  2.334954969285119E+08,  3.358877041019861E+07
2460338.500000000, A.D. 2024-Jan-29 00:00:00.0000, -2.772345433760386E+08,  2.320839404765496E+08,  3.360390762336713E+07
2460339.500000000, A.D. 2024-Jan-30 00:00:00.0000, -2.775610213048878E+08,  2.306675485787504E+08,  3.361834659303367E+07
2460340.500000000, A.D. 2024-Jan-31 00:00:00.0000, -2.778817189493866E+08,  2.292463245197107E+08,  3.363208321852897E+07
2460341.500000000, A.D. 2024-Feb-01 00:00:00.0000, -2.781965979137166E+08,  2.278202717002352E+08,  3.364511336596926E+07
2460342.500000000, A.D. 2024-Feb-02 00:00:00.0000, -2.785056194775587E+08,  2.263893936402537E+08,  3.365743286789103E+07
2460343.500000000, A.D. 2024-Feb-03 00:00:00.0000, -2.788087445922918E+08,  2.249536939818037E+08,  3.366903752288194E+07
2460344.500000000, A.D. 2024-Feb-04 00:00:00.0000, -2.791059338771430E+08,  2.235131764920803E+08,  3.367992309520690E+07
2460345.500000000, A.D. 2024-Feb-05 00:00:00.0000, -2.793971476152895E+08,  2.220678450665553E+08,  3.369008531443039E+07
2460346.500000000, A.D. 2024-Feb-06 00:00:00.0000, -2.796823457499102E+08,  2.206177037321651E+08,  3.369951987503433E+07
2460347.500000000, A.D. 2024-Feb-07 00:00:00.0000, -2.799614878801879E+08,  2.191627566505725E+08,  3.370822243603130E+07
2460348.500000000, A.D. 2024-Feb-08 00:00:00.0000, -2.802345332572606E+08,  2.177030081215016E+08,  3.371618862057371E+07
2460349.500000000, A.D. 2024-Feb-09 00:00:00.0000, -2.805014407801213E+08,  2.162384625861480E+08,  3.372341401555824E+07
2460350.500000000, A.D. 2024-Feb-10 00:00:00.0000, -2.807621689914662E+08,  2.147691246306672E+08,  3.372989417122610E+07
2460351.500000000, A.D. 2024-Feb-11 00:00:00.0000, -2.810166760734894E+08,  2.132949989897422E+08,  3.373562460075839E+07
2460352.500000000, A.D. 2024-Feb-12 00:00:00.0000, -2.812649198436264E+08,  2.118160905502319E+08,  3.374060077986708E+07
2460353.500000000, A.D. 2024-Feb-13 00:00:00.0000, -2.815068577502415E+08,  2.103324043549043E+08,  3.374481814638135E+07
2460354.500000000, A.D. 2024-Feb-14 00:00:00.0000, -2.817424468682622E+08,  2.088439456062533E+08,  3.374827209982941E+07
2460355.500000000, A.D. 2024-Feb-15 00:00:00.0000, -2.819716438947583E+08,  2.073507196704045E+08,  3.375095800101531E+07
2460356.500000000, A.D. 2024-Feb-16 00:00:00.0000, -2.821944051444654E+08,  2.058527320811100E+08,  3.375287117159127E+07
2460357.500000000, A.D. 2024-Feb-17 00:00:00.0000, -2.824106865452514E+08,  2.043499885438353E+08,  3.375400689362524E+07
2460358.500000000, A.D. 2024-Feb-18 00:00:00.0000, -2.826204436335274E+08,  2.028424949399407E+08,  3.375436040916365E+07
2460359.500000000, A.D. 2024-Feb-19 00:00:00.0000, -2.828236315496002E+08,  2.013302573309585E+08,  3.375392691978915E+07
2460360.500000000, A.D. 2024-Feb-20 00:00:00.0000, -2.830202050329667E+08,  1.998132819629700E+08,  3.375270158617365E+07
2460361.500000000, A.D. 2024-Feb-21 00:00:00.0000, -2.832101184175497E+08,  1.982915752710832E+08,  3.375067952762665E+07
2460362.500000000, A.D. 2024-Feb-22 00:00:00.0000, -2.833933256268753E+08,  1.967651438840158E+08,  3.374785582163816E+07
2460363.500000000, A.D. 2024-Feb-23 00:00:00.0000, -2.835697801691884E+08,  1.952339946287824E+08,  3.374422550341719E+07
2460364.500000000, A.D. 2024-Feb-24 00:00:00.0000, -2.837394351325100E+08,  1.936981345354938E+08,  3.373978356542490E+07
2460365.500000000, A.D. 2024-Feb-25 00:00:00.0000, -2.839022431796312E+08,  1.921575708422660E+08,  3.373452495690298E+07
2460366.500000000, A.D. 2024-Feb-26 00:00:00.0000, -2.840581565430477E+08,  1.906123110002453E+08,  3.372844458339682E+07
2460367.500000000, A.D. 2024-Feb-27 00:00:00.0000, -2.842071270198302E+08,  1.890623626787511E+08,  3.372153730627387E+07
2460368.500000000, A.D. 2024-Feb-28 00:00:00.0000, -2.843491059664331E+08,  1.875077337705382E+08,  3.371379794223676E+07
2460369.500000000, A.D. 2024-Feb-29 00:00:00.0000, -2.844840442934397E+08,  1.859484323971850E+08,  3.370522126283141E+07
2460370.500000000, A.D. 2024-Mar-01 00:00:00.0000, -2.846118924602430E+08,  1.843844669146065E+08,  3.369580199395011E+07
2460371.500000000, A.D. 2024-Mar-02 00:00:00.0000, -2.847326004696630E+08,  1.828158459186989E+08,  3.368553481532948E+07
2460372.500000000, A.D. 2024-Mar-03 00:00:00.0000, -2.848461178624979E+08,  1.812425782511169E+08,  3.367441436004324E+07
2460373.500000000, A.D. 2024-Mar-04 00:00:00.0000, -2.849523937120111E+08,  1.796646730051886E+08,  3.366243521399012E+07
2460374.500000000, A.D. 2024-Mar-05 00:00:00.0000, -2.850513766183512E+08,  1.780821395319698E+08,  3.364959191537639E+07
2460375.500000000, A.D. 2024-Mar-06 00:00:00.0000, -2.851430147029066E+08,  1.764949874464435E+08,  3.363587895419356E+07
2460376.500000000, A.D. 2024-Mar-07 00:00:00.0000, -2.852272556025925E+08,  1.749032266338660E+08,  3.362129077169072E+07
2460377.500000000, A.D. 2024-Mar-08 00:00:00.0000, -2.853040464640710E+08,  1.733068672562653E+08,  3.360582175984225E+07
2460378.500000000, A.D. 2024-Mar-09 00:00:00.0000, -2.853733339379033E+08,  1.717059197590947E+08,  3.358946626080976E+07
2460379.500000000, A.D. 2024-Mar-10 00:00:00.0000, -2.854350641726342E+08,  1.701003948780451E+08,  3.357221856639970E+07
2460380.500000000, A.D. 2024-Mar-11 00:00:00.0000, -2.854891828088078E+08,  1.684903036460221E+08,  3.355407291751570E+07
2460381.500000000, A.D. 2024-Mar-12 00:00:00.0000, -2.855356349729149E+08,  1.668756574002899E+08,  3.353502350360564E+07
2460382.500000000, A.D. 2024-Mar-13 00:00:00.0000, -2.855743652712706E+08,  1.652564677897878E+08,  3.351506446210419E+07
2460383.500000000, A.D. 2024-Mar-14 00:00:00.0000, -2.856053177838235E+08,  1.636327467826230E+08,  3.349418987787014E+07
2460384.500000000, A.D. 2024-Mar-15 00:00:00.0000, -2.856284360578948E+08,  1.620045066737447E+08,  3.347239378261917E+07
2460385.500000000, A.D. 2024-Mar-16 00:00:00.0000, -2.856436631018479E+08,  1.603717600928041E+08,  3.344967015435129E+07
2460386.500000000, A.D. 2024-Mar-17 00:00:00.0000, -2.856509413786879E+08,  1.587345200122054E+08,  3.342601291677403E+07
2460387.500000000, A.D. 2024-Mar-18 00:00:00.0000, -2.856502127995909E+08,  1.570927997553524E+08,  3.340141593872073E+07
2460388.500000000, A.D. 2024-Mar-19 00:00:00.0000, -2.856414187173647E+08,  1.554466130050956E+08,  3.337587303356408E+07
2460389.500000000, A.D. 2024-Mar-20 00:00:00.0000, -2.856244999198371E+08,  1.537959738123863E+08,  3.334937795862523E+07
2460390.500000000, A.D. 2024-Mar-21 00:00:00.0000, -2.855993966231758E+08,  1.521408966051417E+08,  3.332192441457853E+07
2460391.500000000, A.D. 2024-Mar-22 00:00:00.0000, -2.855660484651381E+08,  1.504813961973275E+08,  3.329350604485167E+07
2460392.500000000, A.D. 2024-Mar-23 00:00:00.0000, -2.855243944982502E+08,  1.488174877982633E+08,  3.326411643502168E+07
2460393.500000000, A.D. 2024-Mar-24 00:00:00.0000, -2.854743731829167E+08,  1.471491870221569E+08,  3.323374911220682E+07
2460394.500000000, A.D. 2024-Mar-25 00:00:00.0000, -2.854159223804616E+08,  1.454765098978734E+08,  3.320239754445427E+07
2460395.500000000, A.D. 2024-Mar-26 00:00:00.0000, -2.853489793460987E+08,  1.437994728789453E+08,  3.317005514012390E+07
2460396.500000000, A.D. 2024-Mar-27 00:00:00.0000, -2.852734807218339E+08,  1.421180928538304E+08,  3.313671524726857E+07
2460397.500000000, A.D. 2024-Mar-28 00:00:00.0000, -2.851893625292990E+08,  1.404323871564230E+08,  3.310237115301021E+07
2460398.500000000, A.D. 2024-Mar-29 00:00:00.0000, -2.850965601625171E+08,  1.387423735768264E+08,  3.306701608291297E+07
2460399.500000000, A.D. 2024-Mar-30 00:00:00.0000, -2.849950083806006E+08,  1.370480703723927E+08,  3.303064320035271E+07
2460400.500000000, A.D. 2024-Mar-31 00:00:00.0000, -2.848846413003829E+08,  1.353494962790373E+08,  3.299324560588352E+07
2460401.500000000, A.D. 2024-Apr-01 00:00:00.0000, -2.847653923889836E+08,  1.336466705228348E+08,  3.295481633660109E+07
2460402.500000000, A.D. 2024-Apr-02 00:00:00.0000, -2.846371944563088E+08,  1.319396128319051E+08,  3.291534836550358E+07
2460403.500000000, A.D. 2024-Apr-03 00:00:00.0000, -2.844999796474873E+08,  1.302283434485955E+08,  3.287483460084976E+07
2460404.500000000, A.D. 2024-Apr-04 00:00:00.0000, -2.843536794352440E+08,  1.285128831419686E+08,  3.283326788551505E+07
2460405.500000000, A.D. 2024-Apr-05 00:00:00.0000, -2.841982246122113E+08,  1.267932532206025E+08,  3.279064099634542E+07
2460406.500000000, A.D. 2024-Apr-06 00:00:00.0000, -2.840335452831807E+08,  1.250694755457124E+08,  3.274694664350944E+07
2460407.500000000, A.D. 2024-Apr-07 00:00:00.0000, -2.838595708572950E+08,  1.233415725446027E+08,  3.270217746984925E+07
2460408.500000000, A.D. 2024-Apr-08 00:00:00.0000, -2.836762300401838E+08,  1.216095672244564E+08,  3.265632605022984E+07
2460409.500000000, A.D. 2024-Apr-09 00:00:00.0000, -2.834834508260436E+08,  1.198734831864740E+08,  3.260938489088810E+07
2460410.500000000, A.D. 2024-Apr-10 00:00:00.0000, -2.832811604896647E+08,  1.181333446403676E+08,  3.256134642878091E+07
2460411.500000000, A.D. 2024-Apr-11 00:00:00.0000, -2.830692855784067E+08,  1.163891764192230E+08,  3.251220303093345E+07
2460412.500000000, A.D. 2024-Apr-12 00:00:00.0000, -2.828477519041251E+08,  1.146410039947374E+08,  3.246194699378771E+07
2460413.500000000, A.D. 2024-Apr-13 00:00:00.0000, -2.826164845350518E+08,  1.128888534928436E+08,  3.241057054255185E+07
2460414.500000000, A.D. 2024-Apr-14 00:00:00.0000, -2.823754077876314E+08,  1.111327517097312E+08,  3.235806583055046E+07
2460415.500000000, A.D. 2024-Apr-15 00:00:00.0000, -2.821244452183173E+08,  1.093727261282750E+08,  3.230442493857690E+07
2460416.500000000, A.D. 2024-Apr-16 00:00:00.0000, -2.818635196153292E+08,  1.076088049348819E+08,  3.224963987424743E+07
2460417.500000000, A.D. 2024-Apr-17 00:00:00.0000, -2.815925529903768E+08,  1.058410170367670E+08,  3.219370257135818E+07
2460418.500000000, A.D. 2024-Apr-18 00:00:00.0000, -2.813114665703527E+08,  1.040693920796709E+08,  3.213660488924547E+07
2460419.500000000, A.D. 2024-Apr-19 00:00:00.0000, -2.810201807889972E+08,  1.022939604660301E+08,  3.207833861214968E+07
2460420.500000000, A.D. 2024-Apr-20 00:00:00.0000, -2.807186152785419E+08,  1.005147533736110E+08,  3.201889544858397E+07
2460421.500000000, A.D. 2024-Apr-21 00:00:00.0000, -2.804066888613328E+08,  9.873180277462304E+07,  3.195826703070777E+07
2460422.500000000, A.D. 2024-Apr-22 00:00:00.0000, -2.800843195414411E+08,  9.694514145532028E+07,  3.189644491370635E+07
2460423.500000000, A.D. 2024-Apr-23 00:00:00.0000, -2.797514244962633E+08,  9.515480303610691E+07,  3.183342057517690E+07
2460424.500000000, A.D. 2024-Apr-24 00:00:00.0000, -2.794079200681198E+08,  9.336082199215904E+07,  3.176918541452181E+07
2460425.500000000, A.D. 2024-Apr-25 00:00:00.0000, -2.790537217558534E+08,  9.156323367457686E+07,  3.170373075235042E+07
2460426.500000000, A.D. 2024-Apr-26 00:00:00.0000, -2.786887442064368E+08,  8.976207433208106E+07,  3.163704782988941E+07
2460427.500000000, A.D. 2024-Apr-27 00:00:00.0000, -2.783129012065953E+08,  8.795738113326834E+07,  3.156912780840360E+07
2460428.500000000, A.D. 2024-Apr-28 00:00:00.0000, -2.779261056744487E+08,  8.614919218944022E+07,  3.149996176862728E+07
2460429.500000000, A.D. 2024-Apr-29 00:00:00.0000, -2.775282696511837E+08,  8.433754657802142E+07,  3.142954071020769E+07
2460430.500000000, A.D. 2024-Apr-30 00:00:00.0000, -2.771193042927611E+08,  8.252248436658213E+07,  3.135785555116143E+07
2460431.500000000, A.D. 2024-May-01 00:00:00.0000, -2.766991198616684E+08,  8.070404663748115E+07,  3.128489712734505E+07
2460432.500000000, A.D. 2024-May-02 00:00:00.0000, -2.762676257187243E+08,  7.888227551314591E+07,  3.121065619194091E+07
2460433.500000000, A.D. 2024-May-03 00:00:00.0000, -2.758247303149457E+08,  7.705721418200594E+07,  3.113512341495965E+07
2460434.500000000, A.D. 2024-May-04 00:00:00.0000, -2.753703411834875E+08,  7.522890692509750E+07,  3.105828938276055E+07
2460435.500000000, A.D. 2024-May-05 00:00:00.0000, -2.749043649316629E+08,  7.339739914335635E+07,  3.098014459759120E+07
2460436.500000000, A.D. 2024-May-06 00:00:00.0000, -2.744267072330582E+08,  7.156273738561726E+07,  3.090067947714774E+07
2460437.500000000, A.D. 2024-May-07 00:00:00.0000, -2.739372728197507E+08,  6.972496937733825E+07,  3.081988435415765E+07
2460438.500000000, A.D. 2024-May-08 00:00:00.0000, -2.734359654746453E+08,  6.788414405006859E+07,  3.073774947598610E+07
2460439.500000000, A.D. 2024-May-09 00:00:00.0000, -2.729226880239392E+08,  6.604031157167998E+07,  3.065426500426823E+07
2460440.500000000, A.D. 2024-May-10 00:00:00.0000, -2.723973423297300E+08,  6.419352337738033E+07,  3.056942101456833E+07
2460441.500000000, A.D. 2024-May-11 00:00:00.0000, -2.718598292827826E+08,  6.234383220153067E+07,  3.048320749606875E+07
2460442.500000000, A.D. 2024-May-12 00:00:00.0000, -2.713100487954682E+08,  6.049129211028536E+07,  3.039561435128962E+07
2460443.500000000, A.D. 2024-May-13 00:00:00.0000, -2.707478997948917E+08,  5.863595853507710E+07,  3.030663139584200E+07
2460444.500000000, A.D. 2024-May-14 00:00:00.0000, -2.701732802162268E+08,  5.677788830696788E+07,  3.021624835821643E+07
2460445.500000000, A.D. 2024-May-15 00:00:00.0000, -2.695860869962731E+08,  5.491713969188786E+07,  3.012445487960918E+07
2460446.500000000, A.D. 2024-May-16 00:00:00.0000, -2.689862160672573E+08,  5.305377242678472E+07,  3.003124051378858E+07
2460447.500000000, A.D. 2024-May-17 00:00:00.0000, -2.683735623508955E+08,  5.118784775670609E+07,  2.993659472700404E+07
2460448.500000000, A.D. 2024-May-18 00:00:00.0000, -2.677480197527410E+08,  4.931942847283820E+07,  2.984050689794020E+07
2460449.500000000, A.D. 2024-May-19 00:00:00.0000, -2.671094811568361E+08,  4.744857895152481E+07,  2.974296631771918E+07
2460450.500000000, A.D. 2024-May-20 00:00:00.0000, -2.664578384206934E+08,  4.557536519429003E+07,  2.964396218995369E+07
2460451.500000000, A.D. 2024-May-21 00:00:00.0000, -2.657929823706318E+08,  4.369985486888985E+07,  2.954348363085417E+07
2460452.500000000, A.D. 2024-May-22 00:00:00.0000, -2.651148027974896E+08,  4.182211735141711E+07,  2.944151966939288E+07
2460453.500000000, A.D. 2024-May-23 00:00:00.0000, -2.644231884527465E+08,  3.994222376948532E+07,  2.933805924752877E+07
2460454.500000000, A.D. 2024-May-24 00:00:00.0000, -2.637180270450793E+08,  3.806024704651688E+07,  2.923309122049606E+07
2460455.500000000, A.D. 2024-May-25 00:00:00.0000, -2.629992052373839E+08,  3.617626194716186E+07,  2.912660435716069E+07
2460456.500000000, A.D. 2024-May-26 00:00:00.0000, -2.622666086442935E+08,  3.429034512387359E+07,  2.901858734044819E+07
2460457.500000000, A.D. 2024-May-27 00:00:00.0000, -2.615201218302286E+08,  3.240257516466796E+07,  2.890902876784714E+07
2460458.500000000, A.D. 2024-May-28 00:00:00.0000, -2.607596283080106E+08,  3.051303264209314E+07,  2.879791715199235E+07
2460459.500000000, A.D. 2024-May-29 00:00:00.0000, -2.599850105380799E+08,  2.862180016343737E+07,  2.868524092133238E+07
2460460.500000000, A.D. 2024-May-30 00:00:00.0000, -2.591961499283529E+08,  2.672896242220197E+07,  2.857098842088577E+07
2460461.500000000, A.D. 2024-May-31 00:00:00.0000, -2.583929268347631E+08,  2.483460625086763E+07,  2.845514791309101E+07
2460462.500000000, A.D. 2024-Jun-01 00:00:00.0000, -2.575752205625245E+08,  2.293882067498164E+07,  2.833770757875530E+07
2460463.500000000, A.D. 2024-Jun-02 00:00:00.0000, -2.567429093681662E+08,  2.104169696859426E+07,  2.821865551810739E+07
2460464.500000000, A.D. 2024-Jun-03 00:00:00.0000, -2.558958704623827E+08,  1.914332871107225E+07,  2.809797975196002E+07
2460465.500000000, A.D. 2024-Jun-04 00:00:00.0000, -2.550339800137502E+08,  1.724381184531776E+07,  2.797566822298784E+07
2460466.500000000, A.D. 2024-Jun-05 00:00:00.0000, -2.541571131533614E+08,  1.534324473742066E+07,  2.785170879712694E+07
2460467.500000000, A.D. 2024-Jun-06 00:00:00.0000, -2.532651439804321E+08,  1.344172823777246E+07,  2.772608926510209E+07
2460468.500000000, A.D. 2024-Jun-07 00:00:00.0000, -2.523579455689381E+08,  1.153936574366951E+07,  2.759879734408872E+07
2460469.500000000, A.D. 2024-Jun-08 00:00:00.0000, -2.514353899753408E+08,  9.636263263433348E+06,  2.746982067951621E+07
2460470.500000000, A.D. 2024-Jun-09 00:00:00.0000, -2.504973482474650E+08,  7.732529482075319E+06,  2.733914684702000E+07
2460471.500000000, A.D. 2024-Jun-10 00:00:00.0000, -2.495436904345959E+08,  5.828275828532591E+06,  2.720676335454997E+07
2460472.500000000, A.D. 2024-Jun-11 00:00:00.0000, -2.485742855988610E+08,  3.923616544501839E+06,  2.707265764464296E+07
2460473.500000000, A.D. 2024-Jun-12 00:00:00.0000, -2.475890018279738E+08,  2.018668754896513E+06,  2.693681709686788E+07
2460474.500000000, A.D. 2024-Jun-13 00:00:00.0000, -2.465877062494088E+08,  1.135525399527829E+05,  2.679922903045179E+07
2460475.500000000, A.D. 2024-Jun-14 00:00:00.0000, -2.455702650460942E+08, -1.791608990991658E+06,  2.665988070709598E+07
2460476.500000000, A.D. 2024-Jun-15 00:00:00.0000, -2.445365434736978E+08, -3.696689624022532E+06,  2.651875933399170E+07
2460477.500000000, A.D. 2024-Jun-16 00:00:00.0000, -2.434864058795983E+08, -5.601559963455683E+06,  2.637585206704478E+07
2460478.500000000, A.D. 2024-Jun-17 00:00:00.0000, -2.424197157236300E+08, -7.506087352904537E+06,  2.623114601431986E+07
2460479.500000000, A.D. 2024-Jun-18 00:00:00.0000, -2.413363356006945E+08, -9.410135794588968E+06,  2.608462823971450E+07
2460480.500000000, A.D. 2024-Jun-19 00:00:00.0000, -2.402361272653422E+08, -1.131356586686780E+07,  2.593628576687431E+07
2460481.500000000, A.D. 2024-Jun-20 00:00:00.0000, -2.391189516584219E+08, -1.321623463997927E+07,  2.578610558336060E+07
2460482.500000000, A.D. 2024-Jun-21 00:00:00.0000, -2.379846689359106E+08, -1.511799558997501E+07,  2.563407464508249E+07
2460483.500000000, A.D. 2024-Jun-22 00:00:00.0000, -2.368331385000322E+08, -1.701869851083658E+07,  2.548017988100595E+07
2460484.500000000, A.D. 2024-Jun-23 00:00:00.0000, -2.356642190327871E+08, -1.891818942476525E+07,  2.532440819815265E+07
2460485.500000000, A.D. 2024-Jun-24 00:00:00.0000, -2.344777685320095E+08, -2.081631049063876E+07,  2.516674648690205E+07
2460486.500000000, A.D. 2024-Jun-25 00:00:00.0000, -2.332736443500836E+08, -2.271289991063197E+07,  2.500718162661065E+07
2460487.500000000, A.D. 2024-Jun-26 00:00:00.0000, -2.320517032354510E+08, -2.460779183500156E+07,  2.484570049156298E+07
2460488.500000000, A.D. 2024-Jun-27 00:00:00.0000, -2.308118013770460E+08, -2.650081626503896E+07,  2.468228995726911E+07
2460489.500000000, A.D. 2024-Jun-28 00:00:00.0000, -2.295537944518035E+08, -2.839179895419943E+07,  2.451693690712451E+07
2460490.500000000, A.D. 2024-Jun-29 00:00:00.0000, -2.282775376753884E+08, -3.028056130741945E+07,  2.434962823944803E+07
2460491.500000000, A.D. 2024-Jun-30 00:00:00.0000, -2.269828858563025E+08, -3.216692027864042E+07,  2.418035087491490E+07
2460492.500000000, A.D. 2024-Jul-01 00:00:00.0000, -2.256696934535289E+08, -3.405068826656079E+07,  2.400909176440202E+07
2460493.500000000, A.D. 2024-Jul-02 00:00:00.0000, -2.243378146378822E+08, -3.593167300864507E+07,  2.383583789726298E+07
2460494.500000000, A.D. 2024-Jul-03 00:00:00.0000, -2.229871033572375E+08, -3.780967747342443E+07,  2.366057631005167E+07
2460495.500000000, A.D. 2024-Jul-04 00:00:00.0000, -2.216174134058169E+08, -3.968449975113007E+07,  2.348329409571305E+07
2460496.500000000, A.D. 2024-Jul-05 00:00:00.0000, -2.202285984977209E+08, -4.155593294270796E+07,  2.330397841326083E+07
2460497.500000000, A.D. 2024-Jul-06 00:00:00.0000, -2.188205123448966E+08, -4.342376504727168E+07,  2.312261649796210E+07
2460498.500000000, A.D. 2024-Jul-07 00:00:00.0000, -2.173930087397408E+08, -4.528777884805781E+07,  2.293919567204954E+07
2460499.500000000, A.D. 2024-Jul-08 00:00:00.0000, -2.159459416425436E+08, -4.714775179695857E+07,  2.275370335598262E+07
2460500.500000000, A.D. 2024-Jul-09 00:00:00.0000, -2.144791652739854E+08, -4.900345589771497E+07,  2.256612708027937E+07
2460501.500000000, A.D. 2024-Jul-10 00:00:00.0000, -2.129925342129026E+08, -5.085465758786552E+07,  2.237645449794132E+07
2460502.500000000, A.D. 2024-Jul-11 00:00:00.0000, -2.114859034995502E+08, -5.270111761955546E+07,  2.218467339749423E+07
2460503.500000000, A.D. 2024-Jul-12 00:00:00.0000, -2.099591287445880E+08, -5.454259093932505E+07,  2.199077171666816E+07
2460504.500000000, A.D. 2024-Jul-13 00:00:00.0000, -2.084120662440307E+08, -5.637882656700674E+07,  2.179473755674064E+07
2460505.500000000, A.D. 2024-Jul-14 00:00:00.0000, -2.068445731004021E+08, -5.820956747387633E+07,  2.159655919756724E+07
2460506.500000000, A.D. 2024-Jul-15 00:00:00.0000, -2.052565073503435E+08, -6.003455046021686E+07,  2.139622511332425E+07
2460507.500000000, A.D. 2024-Jul-16 00:00:00.0000, -2.036477280989283E+08, -6.185350603246967E+07,  2.119372398898833E+07
2460508.500000000, A.D. 2024-Jul-17 00:00:00.0000, -2.020180956609436E+08, -6.366615828016474E+07,  2.098904473757882E+07
2460509.500000000, A.D. 2024-Jul-18 00:00:00.0000, -2.003674717093992E+08, -6.547222475283829E+07,  2.078217651818780E+07
2460510.500000000, A.D. 2024-Jul-19 00:00:00.0000, -1.986957194315349E+08, -6.727141633716623E+07,  2.057310875482400E+07
2460511.500000000, A.D. 2024-Jul-20 00:00:00.0000, -1.970027036925934E+08, -6.906343713456036E+07,  2.036183115609619E+07
2460512.500000000, A.D. 2024-Jul-21 00:00:00.0000, -1.952882912076350E+08, -7.084798433949615E+07,  2.014833373576190E+07
2460513.500000000, A.D. 2024-Jul-22 00:00:00.0000, -1.935523507216684E+08, -7.262474811886252E+07,  1.993260683416705E+07
2460514.500000000, A.D. 2024-Jul-23 00:00:00.0000, -1.917947531983753E+08, -7.439341149264792E+07,  1.971464114060228E+07
2460515.500000000, A.D. 2024-Jul-24 00:00:00.0000, -1.900153720177061E+08, -7.615365021630076E+07,  1.949442771660072E+07
2460516.500000000, A.D. 2024-Jul-25 00:00:00.0000, -1.882140831826222E+08, -7.790513266512926E+07,  1.927195802020217E+07
2460517.500000000, A.D. 2024-Jul-26 00:00:00.0000, -1.863907655352607E+08, -7.964751972113124E+07,  1.904722393120759E+07
2460518.500000000, A.D. 2024-Jul-27 00:00:00.0000, -1.845453009827917E+08, -8.138046466267459E+07,  1.882021777744725E+07
2460519.500000000, A.D. 2024-Jul-28 00:00:00.0000, -1.826775747332350E+08, -8.310361305747688E+07,  1.859093236208468E+07
2460520.500000000, A.D. 2024-Jul-29 00:00:00.0000, -1.807874755414959E+08, -8.481660265936497E+07,  1.835936099197778E+07
2460521.500000000, A.D. 2024-Jul-30 00:00:00.0000, -1.788748959658715E+08, -8.651906330932659E+07,  1.812549750711657E+07
2460522.500000000, A.D. 2024-Jul-31 00:00:00.0000, -1.769397326352702E+08, -8.821061684139922E+07,  1.788933631115597E+07
2460523.500000000, A.D. 2024-Aug-01 00:00:00.0000, -1.749818865273711E+08, -8.989087699397685E+07,  1.765087240305959E+07
2460524.500000000, A.D. 2024-Aug-02 00:00:00.0000, -1.730012632579410E+08, -9.155944932714930E+07,  1.741010140986913E+07
2460525.500000000, A.D. 2024-Aug-03 00:00:00.0000, -1.709977733815038E+08, -9.321593114672691E+07,  1.716701962061060E+07
2460526.500000000, A.D. 2024-Aug-04 00:00:00.0000, -1.689713327035401E+08, -9.485991143563965E+07,  1.692162402134668E+07
2460527.500000000, A.D. 2024-Aug-05 00:00:00.0000, -1.669218626043738E+08, -9.649097079343849E+07,  1.667391233138116E+07
2460528.500000000, A.D. 2024-Aug-06 00:00:00.0000, -1.648492903748698E+08, -9.810868138466594E+07,  1.642388304061781E+07
2460529.500000000, A.D. 2024-Aug-07 00:00:00.0000, -1.627535495640465E+08, -9.971260689690204E+07,  1.617153544807237E+07
2460530.500000000, A.D. 2024-Aug-08 00:00:00.0000, -1.606345803386664E+08, -1.013023025093317E+08,  1.591686970153251E+07
2460531.500000000, A.D. 2024-Aug-09 00:00:00.0000, -1.584923298548348E+08, -1.028773148727198E+08,  1.565988683835522E+07
2460532.500000000, A.D. 2024-Aug-10 00:00:00.0000, -1.563267526415942E+08, -1.044371821017192E+08,  1.540058882738672E+07
2460533.500000000, A.D. 2024-Aug-11 00:00:00.0000, -1.541378109964589E+08, -1.059814337804784E+08,  1.513897861198419E+07
2460534.500000000, A.D. 2024-Aug-12 00:00:00.0000, -1.519254753927812E+08, -1.075095909825515E+08,  1.487506015411269E+07
2460535.500000000, A.D. 2024-Aug-13 00:00:00.0000, -1.496897248987892E+08, -1.090211663061531E+08,  1.460883847948378E+07
2460536.500000000, A.D. 2024-Aug-14 00:00:00.0000, -1.474305476080751E+08, -1.105156639258365E+08,  1.434031972369612E+07
2460537.500000000, A.D. 2024-Aug-15 00:00:00.0000, -1.451479410812487E+08, -1.119925796617064E+08,  1.406951117932984E+07
2460538.500000000, A.D. 2024-Aug-16 00:00:00.0000, -1.428419127984007E+08, -1.134514010673132E+08,  1.379642134393913E+07
2460539.500000000, A.D. 2024-Aug-17 00:00:00.0000, -1.405124806219467E+08, -1.148916075374008E+08,  1.352105996887851E+07
2460540.500000000, A.D. 2024-Aug-18 00:00:00.0000, -1.381596732693394E+08, -1.163126704367084E+08,  1.324343810888886E+07
2460541.500000000, A.D. 2024-Aug-19 00:00:00.0000, -1.357835307950516E+08, -1.177140532510497E+08,  1.296356817236030E+07
2460542.500000000, A.D. 2024-Aug-20 00:00:00.0000, -1.333841050811424E+08, -1.190952117619070E+08,  1.268146397217766E+07
2460543.500000000, A.D. 2024-Aug-21 00:00:00.0000, -1.309614603356164E+08, -1.204555942457934E+08,  1.239714077704445E+07
2460544.500000000, A.D. 2024-Aug-22 00:00:00.0000, -1.285156735976877E+08, -1.217946416996399E+08,  1.211061536316919E+07
2460545.500000000, A.D. 2024-Aug-23 00:00:00.0000, -1.260468352489500E+08, -1.231117880934664E+08,  1.182190606618659E+07
2460546.500000000, A.D. 2024-Aug-24 00:00:00.0000, -1.235550495293379E+08, -1.244064606515833E+08,  1.153103283317358E+07
2460547.500000000, A.D. 2024-Aug-25 00:00:00.0000, -1.210404350566505E+08, -1.256780801635598E+08,  1.123801727460741E+07
2460548.500000000, A.D. 2024-Aug-26 00:00:00.0000, -1.185031253482809E+08, -1.269260613261645E+08,  1.094288271610045E+07
2460549.500000000, A.D. 2024-Aug-27 00:00:00.0000, -1.159432693436710E+08, -1.281498131174514E+08,  1.064565424973240E+07
2460550.500000000, A.D. 2024-Aug-28 00:00:00.0000, -1.133610319258781E+08, -1.293487392041167E+08,  1.034635878478735E+07
2460551.500000000, A.D. 2024-Aug-29 00:00:00.0000, -1.107565944405081E+08, -1.305222383831950E+08,  1.004502509768976E+07
2460552.500000000, A.D. 2024-Aug-30 00:00:00.0000, -1.081301552101322E+08, -1.316697050590915E+08,  9.741683880918995E+06
2460553.500000000, A.D. 2024-Aug-31 00:00:00.0000, -1.054819300421714E+08, -1.327905297568650E+08,  9.436367790669151E+06
2460554.500000000, A.D. 2024-Sep-01 00:00:00.0000, -1.028121527280914E+08, -1.338840996725755E+08,  9.129111493007153E+06
2460555.500000000, A.D. 2024-Sep-02 00:00:00.0000, -1.001210755316195E+08, -1.349497992614015E+08,  8.819951708268836E+06
2460556.500000000, A.D. 2024-Sep-03 00:00:00.0000, -9.740896966356023E+07, -1.359870108640994E+08,  8.508927253420807E+06
2460557.500000000, A.D. 2024-Sep-04 00:00:00.0000, -9.467612574065679E+07, -1.369951153722380E+08,  8.196079082103238E+06
2460558.500000000, A.D. 2024-Sep-05 00:00:00.0000, -9.192285422582437E+07, -1.379734929324756E+08,  7.881450322058275E+06
2460559.500000000, A.D. 2024-Sep-06 00:00:00.0000, -8.914948584696272E+07, -1.389215236899741E+08,  7.565086309638314E+06
2460560.500000000, A.D. 2024-Sep-07 00:00:00.0000, -8.635637199144928E+07, -1.398385885708493E+08,  7.247034621080063E+06
2460561.500000000, A.D. 2024-Sep-08 00:00:00.0000, -8.354388507331946E+07, -1.407240701033442E+08,  6.927345100222453E+06
2460562.500000000, A.D. 2024-Sep-09 00:00:00.0000, -8.071241887005393E+07, -1.415773532771878E+08,  6.606069882341199E+06
2460563.500000000, A.D. 2024-Sep-10 00:00:00.0000, -7.786238882582869E+07, -1.423978264403570E+08,  6.283263413768992E+06
2460564.500000000, A.D. 2024-Sep-11 00:00:00.0000, -7.499423231803082E+07, -1.431848822322029E+08,  5.958982466968164E+06
2460565.500000000, A.D. 2024-Sep-12 00:00:00.0000, -7.210840888381156E+07, -1.439379185516281E+08,  5.633286150724053E+06
2460566.500000000, A.D. 2024-Sep-13 00:00:00.0000, -6.920540040343891E+07, -1.446563395587174E+08,  5.306235915129796E+06
2460567.500000000, A.D. 2024-Sep-14 00:00:00.0000, -6.628571123722672E+07, -1.453395567079329E+08,  4.977895551039368E+06
2460568.500000000, A.D. 2024-Sep-15 00:00:00.0000, -6.334986831285488E+07, -1.459869898106677E+08,  4.648331183675081E+06
2460569.500000000, A.D. 2024-Sep-16 00:00:00.0000, -6.039842115996458E+07, -1.465980681246514E+08,  4.317611260086596E+06
2460570.500000000, A.D. 2024-Sep-17 00:00:00.0000, -5.743194188900871E+07, -1.471722314673777E+08,  3.985806530175164E+06
2460571.500000000, A.D. 2024-Sep-18 00:00:00.0000, -5.445102511146481E+07, -1.477089313504042E+08,  3.652990021014079E+06
2460572.500000000, A.D. 2024-Sep-19 00:00:00.0000, -5.145628779867847E+07, -1.482076321310616E+08,  3.319237004219636E+06
2460573.500000000, A.D. 2024-Sep-20 00:00:00.0000, -4.844836907679836E+07, -1.486678121777921E+08,  2.984624956151582E+06
2460574.500000000, A.D. 2024-Sep-21 00:00:00.0000, -4.542792995549136E+07, -1.490889650450365E+08,  2.649233510752469E+06
2460575.500000000, A.D. 2024-Sep-22 00:00:00.0000, -4.239565298838732E+07, -1.494706006532959E+08,  2.313144404866628E+06
2460576.500000000, A.D. 2024-Sep-23 00:00:00.0000, -3.935224186349875E+07, -1.498122464697190E+08,  1.976441415917277E+06
2460577.500000000, A.D. 2024-Sep-24 00:00:00.0000, -3.629842092218890E+07, -1.501134486843125E+08,  1.639210291859046E+06
2460578.500000000, A.D. 2024-Sep-25 00:00:00.0000, -3.323493460562263E+07, -1.503737733766418E+08,  1.301538673365854E+06
2460579.500000000, A.D. 2024-Sep-26 00:00:00.0000, -3.016254682802535E+07, -1.505928076676890E+08,  9.635160082603619E+05
2460580.500000000, A.D. 2024-Sep-27 00:00:00.0000, -2.708204027649441E+07, -1.507701608513685E+08,  6.252334582390413E+05
2460581.500000000, A.D. 2024-Sep-28 00:00:00.0000, -2.399421563755168E+07, -1.509054655000698E+08,  2.867837979970574E+05
2460582.500000000, A.D. 2024-Sep-29 00:00:00.0000, -2.089989075109207E+07, -1.509983785385097E+08, -5.173869308985770E+04
2460583.500000000, A.D. 2024-Sep-30 00:00:00.0000, -1.779989969286693E+07, -1.510485822801297E+08, -3.902383465162069E+05
2460584.500000000, A.D. 2024-Oct-01 00:00:00.0000, -1.469509178713880E+07, -1.510557854202787E+08, -7.286182271660864E+05
2460585.500000000, A.D. 2024-Oct-02 00:00:00.0000, -1.158633055164989E+07, -1.510197239804728E+08, -1.066780262480989E+06
2460586.500000000, A.D. 2024-Oct-03 00:00:00.0000, -8.474492577556649E+06, -1.509401621981299E+08, -1.404625377903566E+06
2460587.500000000, A.D. 2024-Oct-04 00:00:00.0000, -5.360466347489046E+06, -1.508168933563317E+08, -1.742053638170548E+06
2460588.500000000, A.D. 2024-Oct-05 00:00:00.0000, -2.245150995392683E+06, -1.506497405483786E+08, -2.078964393977076E+06
2460589.500000000, A.D. 2024-Oct-06 00:00:00.0000,  8.705449877040031E+05, -1.504385573721681E+08, -2.415256433485761E+06
2460590.500000000, A.D. 2024-Oct-07 00:00:00.0000,  3.985705097390986E+06, -1.501832285497406E+08, -2.750828138108000E+06
2460591.500000000, A.D. 2024-Oct-08 00:00:00.0000,  7.099406204002880E+06, -1.498836704677086E+08, -3.085577641942076E+06
2460592.500000000, A.D. 2024-Oct-09 00:00:00.0000,  1.021071997972089E+07, -1.495398316346976E+08, -3.419402994215779E+06
2460593.500000000, A.D. 2024-Oct-10 00:00:00.0000,  1.331871435883540E+07, -1.491516930523866E+08, -3.752202324047126E+06
2460594.500000000, A.D. 2024-Oct-11 00:00:00.0000,  1.642245502503013E+07, -1.487192684972416E+08, -4.083874006809667E+06
2460595.500000000, A.D. 2024-Oct-12 00:00:00.0000,  1.952100691927432E+07, -1.482426047105644E+08, -4.414316831366703E+06
2460596.500000000, A.D. 2024-Oct-13 00:00:00.0000,  2.261343576168646E+07, -1.477217814950528E+08, -4.743430167423502E+06
2460597.500000000, A.D. 2024-Oct-14 00:00:00.0000,  2.569880958056719E+07, -1.471569117166535E+08, -5.071114132236421E+06
2460598.500000000, A.D. 2024-Oct-15 00:00:00.0000,  2.877620024169113E+07, -1.465481412111003E+08, -5.397269755916886E+06
2460599.500000000, A.D. 2024-Oct-16 00:00:00.0000,  3.184468497090058E+07, -1.458956485951467E+08, -5.721799144571207E+06
2460600.500000000, A.D. 2024-Oct-17 00:00:00.0000,  3.490334786305945E+07, -1.451996449831257E+08, -6.044605640528917E+06
2460601.500000000, A.D. 2024-Oct-18 00:00:00.0000,  3.795128137050226E+07, -1.444603736100887E+08, -6.365593978929974E+06
2460602.500000000, A.D. 2024-Oct-19 00:00:00.0000,  4.098758776425203E+07, -1.436781093633809E+08, -6.684670439965837E+06
2460603.500000000, A.D. 2024-Oct-20 00:00:00.0000,  4.401138056147823E+07, -1.428531582251030E+08, -7.001742996099345E+06
2460604.500000000, A.D. 2024-Oct-21 00:00:00.0000,  4.702178591292112E+07, -1.419858566284732E+08, -7.316721453625403E+06
2460605.500000000, A.D. 2024-Oct-22 00:00:00.0000,  5.001794394431761E+07, -1.410765707316377E+08, -7.629517587975733E+06
2460606.500000000, A.D. 2024-Oct-23 00:00:00.0000,  5.299901004622185E+07, -1.401256956129759E+08, -7.940045272217751E+06
2460607.500000000, A.D. 2024-Oct-24 00:00:00.0000,  5.596415610701681E+07, -1.391336543924014E+08, -8.248220598248474E+06
2460608.500000000, A.D. 2024-Oct-25 00:00:00.0000,  5.891257168435582E+07, -1.381008972835703E+08, -8.553961990238532E+06
2460609.500000000, A.D. 2024-Oct-26 00:00:00.0000,  6.184346511074916E+07, -1.370279005822647E+08, -8.857190309939079E+06
2460610.500000000, A.D. 2024-Oct-27 00:00:00.0000,  6.475606452951442E+07, -1.359151655965262E+08, -9.157828953523494E+06
2460611.500000000, A.D. 2024-Oct-28 00:00:00.0000,  6.764961885783401E+07, -1.347632175243641E+08, -9.455803939696692E+06
2460612.500000000, A.D. 2024-Oct-29 00:00:00.0000,  7.052339867420287E+07, -1.335726042850558E+08, -9.751043988866977E+06
2460613.500000000, A.D. 2024-Oct-30 00:00:00.0000,  7.337669702809624E+07, -1.323438953101924E+08, -1.004348059323645E+07
2460614.500000000, A.D. 2024-Oct-31 00:00:00.0000,  7.620883017023687E+07, -1.310776803007040E+08, -1.033304807772724E+07
2460615.500000000, A.D. 2024-Nov-01 00:00:00.0000,  7.901913820238489E+07, -1.297745679561211E+08, -1.061968365172067E+07
2460616.500000000, A.D. 2024-Nov-02 00:00:00.0000,  8.180698564610891E+07, -1.284351846822989E+08, -1.090332745164393E+07
2460617.500000000, A.D. 2024-Nov-03 00:00:00.0000,  8.457176193051337E+07, -1.270601732837534E+08, -1.118392257449403E+07
2460618.500000000, A.D. 2024-Nov-04 00:00:00.0000,  8.731288179939717E+07, -1.256501916466250E+08, -1.146141510244133E+07
2460619.500000000, A.D. 2024-Nov-05 00:00:00.0000,  9.002978563878886E+07, -1.242059114181166E+08, -1.173575411870377E+07
2460620.500000000, A.D. 2024-Nov-06 00:00:00.0000,  9.272193972624893E+07, -1.227280166880376E+08, -1.200689171492746E+07
2460621.500000000, A.D. 2024-Nov-07 00:00:00.0000,  9.538883640373987E+07, -1.212172026778367E+08, -1.227478299035142E+07
2460622.500000000, A.D. 2024-Nov-08 00:00:00.0000,  9.802999417624196E+07, -1.196741744422278E+08, -1.253938604306991E+07
2460623.500000000, A.D. 2024-Nov-09 00:00:00.0000,  1.006449577386318E+08, -1.180996455882031E+08, -1.280066195373887E+07
2460624.500000000, A.D. 2024-Nov-10 00:00:00.0000,  1.032332979336432E+08, -1.164943370159031E+08, -1.305857476210064E+07
2460625.500000000, A.D. 2024-Nov-11 00:00:00.0000,  1.057946116439907E+08, -1.148589756854637E+08, -1.331309143672464E+07
2460626.500000000, A.D. 2024-Nov-12 00:00:00.0000,  1.083285216219624E+08, -1.131942934136063E+08, -1.356418183838048E+07
2460627.500000000, A.D. 2024-Nov-13 00:00:00.0000,  1.108346762599695E+08, -1.115010257033676E+08, -1.381181867747460E+07
2460628.500000000, A.D. 2024-Nov-14 00:00:00.0000,  1.133127493056901E+08, -1.097799106099974E+08, -1.405597746599216E+07
2460629.500000000, A.D. 2024-Nov-15 00:00:00.0000,  1.157624395255524E+08, -1.080316876456843E+08, -1.429663646439201E+07
2460630.500000000, A.D. 2024-Nov-16 00:00:00.0000,  1.181834703203749E+08, -1.062570967254009E+08, -1.453377662390510E+07
2460631.500000000, A.D. 2024-Nov-17 00:00:00.0000,  1.205755892970270E+08, -1.044568771558042E+08, -1.476738152468619E+07
2460632.500000000, A.D. 2024-Nov-18 00:00:00.0000,  1.229385677999753E+08, -1.026317666687742E+08, -1.499743731026398E+07
2460633.500000000, A.D. 2024-Nov-19 00:00:00.0000,  1.252722004065685E+08, -1.007825005008439E+08, -1.522393261872796E+07
2460634.500000000, A.D. 2024-Nov-20 00:00:00.0000,  1.275763043898612E+08, -9.890981051944350E+07, -1.544685851108018E+07
2460635.500000000, A.D. 2024-Nov-21 00:00:00.0000,  1.298507191527115E+08, -9.701442439658663E+07, -1.566620839716813E+07
2460636.500000000, A.D. 2024-Nov-22 00:00:00.0000,  1.320953056367919E+08, -9.509706483033098E+07, -1.588197795960052E+07
2460637.500000000, A.D. 2024-Nov-23 00:00:00.0000,  1.343099457100447E+08, -9.315844881408376E+07, -1.609416507603152E+07
2460638.500000000, A.D. 2024-Nov-24 00:00:00.0000,  1.364945415359865E+08, -9.119928695357096E+07, -1.630276974018231E+07
2460639.500000000, A.D. 2024-Nov-25 00:00:00.0000,  1.386490149281256E+08, -8.922028283106476E+07, -1.650779398194880E+07
2460640.500000000, A.D. 2024-Nov-26 00:00:00.0000,  1.407733066926055E+08, -8.722213241625468E+07, -1.670924178692614E+07
2460641.500000000, A.D. 2024-Nov-27 00:00:00.0000,  1.428673759620269E+08, -8.520552352296329E+07, -1.690711901565965E+07
2460642.500000000, A.D. 2024-Nov-28 00:00:00.0000,  1.449311995232359E+08, -8.317113531074075E+07, -1.710143332291117E+07
2460643.500000000, A.D. 2024-Nov-29 00:00:00.0000,  1.469647711416922E+08, -8.111963783022752E+07, -1.729219407720962E+07
2460644.500000000, A.D. 2024-Nov-30 00:00:00.0000,  1.489681008848591E+08, -7.905169161104709E+07, -1.747941228093247E+07
2460645.500000000, A.D. 2024-Dec-01 00:00:00.0000,  1.509412144468818E+08, -7.696794729088376E+07, -1.766310049114580E+07
2460646.500000000, A.D. 2024-Dec-02 00:00:00.0000,  1.528841524766451E+08, -7.486904528430918E+07, -1.784327274140858E+07
2460647.500000000, A.D. 2024-Dec-03 00:00:00.0000,  1.547969699111297E+08, -7.275561548984826E+07, -1.801994446472811E+07
2460648.500000000, A.D. 2024-Dec-04 00:00:00.0000,  1.566797353158176E+08, -7.062827703371724E+07, -1.819313241783376E+07
2460649.500000000, A.D. 2024-Dec-05 00:00:00.0000,  1.585325302337293E+08, -6.848763804862303E+07, -1.836285460691711E+07
2460650.500000000, A.D. 2024-Dec-06 00:00:00.0000,  1.603554485445198E+08, -6.633429548598295E+07, -1.852913021496971E+07
2460651.500000000, A.D. 2024-Dec-07 00:00:00.0000,  1.621485958348986E+08, -6.416883495990741E+07, -1.869197953083124E+07
2460652.500000000, A.D. 2024-Dec-08 00:00:00.0000,  1.639120887814995E+08, -6.199183062128032E+07, -1.885142388004595E+07
2460653.500000000, A.D. 2024-Dec-09 00:00:00.0000,  1.656460545471779E+08, -5.980384506027752E+07, -1.900748555760869E+07
2460654.500000000, A.D. 2024-Dec-10 00:00:00.0000,  1.673506301915812E+08, -5.760542923567538E+07, -1.916018776266863E+07
2460655.500000000, A.D. 2024-Dec-11 00:00:00.0000,  1.690259620967144E+08, -5.539712242932336E+07, -1.930955453524403E+07
2460656.500000000, A.D. 2024-Dec-12 00:00:00.0000,  1.706722054080983E+08, -5.317945222418281E+07, -1.945561069499015E+07
2460657.500000000, A.D. 2024-Dec-13 00:00:00.0000,  1.722895234920121E+08, -5.095293450436774E+07, -1.959838178204968E+07
2460658.500000000, A.D. 2024-Dec-14 00:00:00.0000,  1.738780874092037E+08, -4.871807347566386E+07, -1.973789400000512E+07
2460659.500000000, A.D. 2024-Dec-15 00:00:00.0000,  1.754380754053599E+08, -4.647536170504567E+07, -1.987417416094241E+07
2460660.500000000, A.D. 2024-Dec-16 00:00:00.0000,  1.769696724185344E+08, -4.422528017775949E+07, -2.000724963262603E+07
2460661.500000000, A.D. 2024-Dec-17 00:00:00.0000,  1.784730696036560E+08, -4.196829837059052E+07, -2.013714828777833E+07
2460662.500000000, A.D. 2024-Dec-18 00:00:00.0000,  1.799484638741603E+08, -3.970487433998569E+07, -2.026389845544757E+07
2460663.500000000, A.D. 2024-Dec-19 00:00:00.0000,  1.813960574607243E+08, -3.743545482375797E+07, -2.038752887444358E+07
2460664.500000000, A.D. 2024-Dec-20 00:00:00.0000,  1.828160574870194E+08, -3.516047535515459E+07, -2.050806864881341E+07
2460665.500000000, A.D. 2024-Dec-21 00:00:00.0000,  1.842086755623464E+08, -3.288036038812719E+07, -2.062554720532484E+07
2460666.500000000, A.D. 2024-Dec-22 00:00:00.0000,  1.855741273909642E+08, -3.059552343269963E+07, -2.073999425292052E+07
2460667.500000000, A.D. 2024-Dec-23 00:00:00.0000,  1.869126323978832E+08, -2.830636719938510E+07, -2.085143974410206E+07
2460668.500000000, A.D. 2024-Dec-24 00:00:00.0000,  1.882244133708551E+08, -2.601328375166105E+07, -2.095991383820016E+07
2460669.500000000, A.D. 2024-Dec-25 00:00:00.0000,  1.895096961182569E+08, -2.371665466556536E+07, -2.106544686648357E+07
2460670.500000000, A.D. 2024-Dec-26 00:00:00.0000,  1.907687091425400E+08, -2.141685119553189E+07, -2.116806929905796E+07
2460671.500000000, A.D. 2024-Dec-27 00:00:00.0000,  1.920016833288898E+08, -1.911423444563670E+07, -2.126781171350345E+07
2460672.500000000, A.D. 2024-Dec-28 00:00:00.0000,  1.932088516487210E+08, -1.680915554547807E+07, -2.136470476519856E+07
2460673.500000000, A.D. 2024-Dec-29 00:00:00.0000,  1.943904488776165E+08, -1.450195582996355E+07, -2.145877915927671E+07
2460674.500000000, A.D. 2024-Dec-30 00:00:00.0000,  1.955467113273060E+08, -1.219296702232599E+07, -2.155006562416121E+07
2460675.500000000, A.D. 2024-Dec-31 00:00:00.0000,  1.966778765912676E+08, -9.882511419737389E+06, -2.163859488662387E+07
2460676.500000000, A.D. 2025-Jan-01 00:00:00.0000,  1.977841833035301E+08, -7.570902080934139E+06, -2.172439764831238E+07
2460677.500000000, A.D. 2025-Jan-02 00:00:00.0000,  1.988658709102474E+08, -5.258443015310498E+06, -2.180750456369155E+07
2460678.500000000, A.D. 2025-Jan-03 00:00:00.0000,  1.999231794536134E+08, -2.945429372978442E+06, -2.188794621934403E+07
2460679.500000000, A.D. 2025-Jan-04 00:00:00.0000,  2.009563493676866E+08, -6.321476353310551E+05, -2.196575311457640E+07
2460680.500000000, A.D. 2025-Jan-05 00:00:00.0000,  2.019656212856920E+08,  1.681124194315795E+06, -2.204095564327730E+07
2460681.500000000, A.D. 2025-Jan-06 00:00:00.0000,  2.029512358583728E+08,  3.994116400393419E+06, -2.211358407697510E+07
2460682.500000000, A.D. 2025-Jan-07 00:00:00.0000,  2.039134335829673E+08,  6.306567365418252E+06, -2.218366854904343E+07
2460683.500000000, A.D. 2025-Jan-08 00:00:00.0000,  2.048524546423919E+08,  8.618223381322268E+06, -2.225123904000420E+07
2460684.500000000, A.D. 2025-Jan-09 00:00:00.0000,  2.057685387542172E+08,  1.092883846207063E+07, -2.231632536387854E+07
2460685.500000000, A.D. 2025-Jan-10 00:00:00.0000,  2.066619250290326E+08,  1.323817415783308E+07, -2.237895715553755E+07
2460686.500000000, A.D. 2025-Jan-11 00:00:00.0000,  2.075328518378017E+08,  1.554599937094899E+07, -2.243916385900603E+07
2460687.500000000, A.D. 2025-Jan-12 00:00:00.0000,  2.083815566878192E+08,  1.785209017390158E+07, -2.249697471667357E+07
2460688.500000000, A.D. 2025-Jan-13 00:00:00.0000,  2.092082761068933E+08,  2.015622962949290E+07, -2.255241875936885E+07
2460689.500000000, A.D. 2025-Jan-14 00:00:00.0000,  2.100132455353797E+08,  2.245820761339042E+07, -2.260552479725434E+07
2460690.500000000, A.D. 2025-Jan-15 00:00:00.0000,  2.107966992257134E+08,  2.475782063919484E+07, -2.265632141149998E+07
2460691.500000000, A.D. 2025-Jan-16 00:00:00.0000,  2.115588701490855E+08,  2.705487168616065E+07, -2.270483694669613E+07
2460692.500000000, A.D. 2025-Jan-17 00:00:00.0000,  2.122999899089303E+08,  2.934917002968324E+07, -2.275109950396688E+07
2460693.500000000, A.D. 2025-Jan-18 00:00:00.0000,  2.130202886608941E+08,  3.164053107464978E+07, -2.279513693474706E+07
2460694.500000000, A.D. 2025-Jan-19 00:00:00.0000,  2.137199950389703E+08,  3.392877619173670E+07, -2.283697683518690E+07
2460695.500000000, A.D. 2025-Jan-20 00:00:00.0000,  2.143993360874953E+08,  3.621373255672223E+07, -2.287664654115039E+07
2460696.500000000, A.D. 2025-Jan-21 00:00:00.0000,  2.150585371987123E+08,  3.849523299286987E+07, -2.291417312377416E+07
2460697.500000000, A.D. 2025-Jan-22 00:00:00.0000,  2.156978220556174E+08,  4.077311581642658E+07, -2.294958338555552E+07
2460698.500000000, A.D. 2025-Jan-23 00:00:00.0000,  2.163174125798173E+08,  4.304722468526939E+07, -2.298290385693940E+07
2460699.500000000, A.D. 2025-Jan-24 00:00:00.0000,  2.169175288841364E+08,  4.531740845072313E+07, -2.301416079337526E+07
2460700.500000000, A.D. 2025-Jan-25 00:00:00.0000,  2.174983892297195E+08,  4.758352101256392E+07, -2.304338017281632E+07
2460701.500000000, A.D. 2025-Jan-26 00:00:00.0000,  2.180602099873921E+08,  4.984542117721414E+07, -2.307058769363479E+07
2460702.500000000, A.D. 2025-Jan-27 00:00:00.0000,  2.186032056030433E+08,  5.210297251912735E+07, -2.309580877292776E+07
2460703.500000000, A.D. 2025-Jan-28 00:00:00.0000,  2.191275885668127E+08,  5.435604324535491E+07, -2.311906854518988E+07
2460704.500000000, A.D. 2025-Jan-29 00:00:00.0000,  2.196335693858661E+08,  5.660450606327925E+07, -2.314039186132972E+07
2460705.500000000, A.D. 2025-Jan-30 00:00:00.0000,  2.201213565605598E+08,  5.884823805149423E+07, -2.315980328800820E+07
2460706.500000000, A.D. 2025-Jan-31 00:00:00.0000,  2.205911565637982E+08,  6.108712053380708E+07, -2.317732710727823E+07
2460707.500000000, A.D. 2025-Feb-01 00:00:00.0000,  2.210431738233991E+08,  6.332103895633223E+07, -2.319298731650578E+07
2460708.500000000, A.D. 2025-Feb-02 00:00:00.0000,  2.214776107072909E+08,  6.554988276764377E+07, -2.320680762855375E+07
2460709.500000000, A.D. 2025-Feb-03 00:00:00.0000,  2.218946675113730E+08,  6.777354530194890E+07, -2.321881147221066E+07
2460710.500000000, A.D. 2025-Feb-04 00:00:00.0000,  2.222945424498780E+08,  6.999192366524275E+07, -2.322902199284747E+07
2460711.500000000, A.D. 2025-Feb-05 00:00:00.0000,  2.226774316480835E+08,  7.220491862440090E+07, -2.323746205328624E+07
2460712.500000000, A.D. 2025-Feb-06 00:00:00.0000,  2.230435291372276E+08,  7.441243449916476E+07, -2.324415423486565E+07
2460713.500000000, A.D. 2025-Feb-07 00:00:00.0000,  2.233930268514887E+08,  7.661437905697231E+07, -2.324912083868887E+07
2460714.500000000, A.D. 2025-Feb-08 00:00:00.0000,  2.237261146268993E+08,  7.881066341058494E+07, -2.325238388704016E+07
2460715.500000000, A.D. 2025-Feb-09 00:00:00.0000,  2.240429802020670E+08,  8.100120191845986E+07, -2.325396512495735E+07
2460716.500000000, A.D. 2025-Feb-10 00:00:00.0000,  2.243438092205845E+08,  8.318591208781679E+07, -2.325388602194807E+07
2460717.500000000, A.D. 2025-Feb-11 00:00:00.0000,  2.246287852350163E+08,  8.536471448034538E+07, -2.325216777383790E+07
2460718.500000000, A.D. 2025-Feb-12 00:00:00.0000,  2.248980897123527E+08,  8.753753262050056E+07, -2.324883130474005E+07
2460719.500000000, A.D. 2025-Feb-13 00:00:00.0000,  2.251519020408321E+08,  8.970429290633141E+07, -2.324389726913587E+07
2460720.500000000, A.D. 2025-Feb-14 00:00:00.0000,  2.253903995380335E+08,  9.186492452278957E+07, -2.323738605405672E+07
2460721.500000000, A.D. 2025-Feb-15 00:00:00.0000,  2.256137574601485E+08,  9.401935935746215E+07, -2.322931778135808E+07
2460722.500000000, A.D. 2025-Feb-16 00:00:00.0000,  2.258221490123462E+08,  9.616753191867447E+07, -2.321971231007721E+07
2460723.500000000, A.D. 2025-Feb-17 00:00:00.0000,  2.260157453601490E+08,  9.830937925590824E+07, -2.320858923886620E+07
2460724.500000000, A.D. 2025-Feb-18 00:00:00.0000,  2.261947156417427E+08,  1.004448408824806E+08, -2.319596790849320E+07
2460725.500000000, A.D. 2025-Feb-19 00:00:00.0000,  2.263592269811458E+08,  1.025738587004301E+08, -2.318186740440385E+07
2460726.500000000, A.D. 2025-Feb-20 00:00:00.0000,  2.265094445021713E+08,  1.046963769275548E+08, -2.316630655933717E+07
2460727.500000000, A.D. 2025-Feb-21 00:00:00.0000,  2.266455313431130E+08,  1.068123420265508E+08, -2.314930395598870E+07
2460728.500000000, A.D. 2025-Feb-22 00:00:00.0000,  2.267676486720955E+08,  1.089217026361972E+08, -2.313087792971542E+07
2460729.500000000, A.D. 2025-Feb-23 00:00:00.0000,  2.268759557030316E+08,  1.110244095045358E+08, -2.311104657127691E+07
2460730.500000000, A.D. 2025-Feb-24 00:00:00.0000,  2.269706097121278E+08,  1.131204154239940E+08, -2.308982772960709E+07
2460731.500000000, A.D. 2025-Feb-25 00:00:00.0000,  2.270517660548876E+08,  1.152096751684023E+08, -2.306723901461172E+07
2460732.500000000, A.D. 2025-Feb-26 00:00:00.0000,  2.271195781835688E+08,  1.172921454318501E+08, -2.304329779998811E+07
2460733.500000000, A.D. 2025-Feb-27 00:00:00.0000,  2.271741976650393E+08,  1.193677847693406E+08, -2.301802122606078E+07
2460734.500000000, A.D. 2025-Feb-28 00:00:00.0000,  2.272157741989958E+08,  1.214365535391893E+08, -2.299142620263082E+07
2460735.500000000, A.D. 2025-Mar-01 00:00:00.0000,  2.272444556365013E+08,  1.234984138471204E+08, -2.296352941183440E+07
2460736.500000000, A.D. 2025-Mar-02 00:00:00.0000,  2.272603879988044E+08,  1.255533294920169E+08, -2.293434731100713E+07
2460737.500000000, A.D. 2025-Mar-03 00:00:00.0000,  2.272637154964043E+08,  1.276012659132767E+08, -2.290389613555121E+07
2460738.500000000, A.D. 2025-Mar-04 00:00:00.0000,  2.272545805483277E+08,  1.296421901397315E+08, -2.287219190180205E+07
2460739.500000000, A.D. 2025-Mar-05 00:00:00.0000,  2.272331238015859E+08,  1.316760707400842E+08, -2.283925040989193E+07
2460740.500000000, A.D. 2025-Mar-06 00:00:00.0000,  2.271994841507835E+08,  1.337028777748221E+08, -2.280508724660785E+07
2460741.500000000, A.D. 2025-Mar-07 00:00:00.0000,  2.271537987578501E+08,  1.357225827495646E+08, -2.276971778824158E+07
2460742.500000000, A.D. 2025-Mar-08 00:00:00.0000,  2.270962030718690E+08,  1.377351585698036E+08, -2.273315720342903E+07
2460743.500000000, A.D. 2025-Mar-09 00:00:00.0000,  2.270268308489793E+08,  1.397405794969976E+08, -2.269542045597770E+07
2460744.500000000, A.D. 2025-Mar-10 00:00:00.0000,  2.269458141723271E+08,  1.417388211059803E+08, -2.265652230767962E+07
2460745.500000000, A.D. 2025-Mar-11 00:00:00.0000,  2.268532834720469E+08,  1.437298602436449E+08, -2.261647732110830E+07
2460746.500000000, A.D. 2025-Mar-12 00:00:00.0000,  2.267493675452507E+08,  1.457136749888683E+08, -2.257529986239845E+07
2460747.500000000, A.D. 2025-Mar-13 00:00:00.0000,  2.266341935760077E+08,  1.476902446136383E+08, -2.253300410400606E+07
2460748.500000000, A.D. 2025-Mar-14 00:00:00.0000,  2.265078871552981E+08,  1.496595495453483E+08, -2.248960402744850E+07
2460749.500000000, A.D. 2025-Mar-15 00:00:00.0000,  2.263705723009219E+08,  1.516215713302264E+08, -2.244511342602275E+07
2460750.500000000, A.D. 2025-Mar-16 00:00:00.0000,  2.262223714773521E+08,  1.535762925978643E+08, -2.239954590750080E+07
2460751.500000000, A.D. 2025-Mar-17 00:00:00.0000,  2.260634056155140E+08,  1.555236970268141E+08, -2.235291489680132E+07
2460752.500000000, A.D. 2025-Mar-18 00:00:00.0000,  2.258937941324818E+08,  1.574637693112212E+08, -2.230523363863652E+07
2460753.500000000, A.D. 2025-Mar-19 00:00:00.0000,  2.257136549510773E+08,  1.593964951284633E+08, -2.225651520013346E+07
2460754.500000000, A.D. 2025-Mar-20 00:00:00.0000,  2.255231045193626E+08,  1.613218611077641E+08, -2.220677247342897E+07
2460755.500000000, A.D. 2025-Mar-21 00:00:00.0000,  2.253222578300142E+08,  1.632398547997541E+08, -2.215601817823774E+07
2460756.500000000, A.D. 2025-Mar-22 00:00:00.0000,  2.251112284395714E+08,  1.651504646469492E+08, -2.210426486439259E+07
2460757.500000000, A.D. 2025-Mar-23 00:00:00.0000,  2.248901284875488E+08,  1.670536799551204E+08, -2.205152491435691E+07
2460758.500000000, A.D. 2025-Mar-24 00:00:00.0000,  2.246590687154064E+08,  1.689494908655270E+08, -2.199781054570832E+07
2460759.500000000, A.D. 2025-Mar-25 00:00:00.0000,  2.244181584853693E+08,  1.708378883279886E+08, -2.194313381359366E+07
2460760.500000000, A.D. 2025-Mar-26 00:00:00.0000,  2.241675057990907E+08,  1.727188640747689E+08, -2.188750661315445E+07
2460761.500000000, A.D. 2025-Mar-27 00:00:00.0000,  2.239072173161532E+08,  1.745924105952490E+08, -2.183094068192314E+07
2460762.500000000, A.D. 2025-Mar-28 00:00:00.0000,  2.236373983724011E+08,  1.764585211113645E+08, -2.177344760218929E+07
2460763.500000000, A.D. 2025-Mar-29 00:00:00.0000,  2.233581529981017E+08,  1.783171895537839E+08, -2.171503880333598E+07
2460764.500000000, A.D. 2025-Mar-30 00:00:00.0000,  2.230695839359277E+08,  1.801684105388075E+08, -2.165572556414627E+07
2460765.500000000, A.D. 2025-Mar-31 00:00:00.0000,  2.227717926587614E+08,  1.820121793459616E+08, -2.159551901507931E+07
2460766.500000000, A.D. 2025-Apr-01 00:00:00.0000,  2.224648793873125E+08,  1.838484918962707E+08, -2.153443014051631E+07
2460767.500000000, A.D. 2025-Apr-02 00:00:00.0000,  2.221489431075503E+08,  1.856773447311839E+08, -2.147246978097630E+07
2460768.500000000, A.D. 2025-Apr-03 00:00:00.0000,  2.218240815879453E+08,  1.874987349921385E+08, -2.140964863530179E+07
2460769.500000000, A.D. 2025-Apr-04 00:00:00.0000,  2.214903913965195E+08,  1.893126604007395E+08, -2.134597726281402E+07
2460770.500000000, A.D. 2025-Apr-05 00:00:00.0000,  2.211479679177025E+08,  1.911191192395365E+08, -2.128146608543844E+07
2460771.500000000, A.D. 2025-Apr-06 00:00:00.0000,  2.207969053689924E+08,  1.929181103333813E+08, -2.121612538979977E+07
2460772.500000000, A.D. 2025-Apr-07 00:00:00.0000,  2.204372968174195E+08,  1.947096330313468E+08, -2.114996532928769E+07
2460773.500000000, A.D. 2025-Apr-08 00:00:00.0000,  2.200692341958128E+08,  1.964936871891910E+08, -2.108299592609237E+07
2460774.500000000, A.D. 2025-Apr-09 00:00:00.0000,  2.196928083188680E+08,  1.982702731523500E+08, -2.101522707321075E+07
2460775.500000000, A.D. 2025-Apr-10 00:00:00.0000,  2.193081088990157E+08,  2.000393917394430E+08, -2.094666853642330E+07
2460776.500000000, A.D. 2025-Apr-11 00:00:00.0000,  2.189152245620907E+08,  2.018010442262737E+08, -2.087732995624159E+07
2460777.500000000, A.D. 2025-Apr-12 00:00:00.0000,  2.185142428628029E+08,  2.035552323303143E+08, -2.080722084982688E+07
2460778.500000000, A.D. 2025-Apr-13 00:00:00.0000,  2.181052503000068E+08,  2.053019581956560E+08, -2.073635061288019E+07
2460779.500000000, A.D. 2025-Apr-14 00:00:00.0000,  2.176883323317740E+08,  2.070412243784129E+08, -2.066472852150371E+07
2460780.500000000, A.D. 2025-Apr-15 00:00:00.0000,  2.172635733902656E+08,  2.087730338325646E+08, -2.059236373403390E+07
2460781.500000000, A.D. 2025-Apr-16 00:00:00.0000,  2.168310568964079E+08,  2.104973898962246E+08, -2.051926529284690E+07
2460782.500000000, A.D. 2025-Apr-17 00:00:00.0000,  2.163908652743699E+08,  2.122142962783220E+08, -2.044544212613599E+07
2460783.500000000, A.D. 2025-Apr-18 00:00:00.0000,  2.159430799658450E+08,  2.139237570456841E+08, -2.037090304966190E+07
2460784.500000000, A.D. 2025-Apr-19 00:00:00.0000,  2.154877814441373E+08,  2.156257766105052E+08, -2.029565676847570E+07
2460785.500000000, A.D. 2025-Apr-20 00:00:00.0000,  2.150250492280543E+08,  2.173203597181943E+08, -2.021971187861526E+07
2460786.500000000, A.D. 2025-Apr-21 00:00:00.0000,  2.145549618956049E+08,  2.190075114355864E+08, -2.014307686877494E+07
2460787.500000000, A.D. 2025-Apr-22 00:00:00.0000,  2.140775970975085E+08,  2.206872371395086E+08, -2.006576012194911E+07
2460788.500000000, A.D. 2025-Apr-23 00:00:00.0000,  2.135930315705116E+08,  2.223595425056883E+08, -1.998776991704995E+07
2460789.500000000, A.D. 2025-Apr-24 00:00:00.0000,  2.131013411505163E+08,  2.240244334979963E+08, -1.990911443049958E+07
2460790.500000000, A.D. 2025-Apr-25 00:00:00.0000,  2.126026007855229E+08,  2.256819163580104E+08, -1.982980173779695E+07
2460791.500000000, A.D. 2025-Apr-26 00:00:00.0000,  2.120968845483855E+08,  2.273319975948940E+08, -1.974983981505982E+07
2460792.500000000, A.D. 2025-Apr-27 00:00:00.0000,  2.115842656493843E+08,  2.289746839755778E+08, -1.966923654054232E+07
2460793.500000000, A.D. 2025-Apr-28 00:00:00.0000,  2.110648164486166E+08,  2.306099825152352E+08, -1.958799969612804E+07
2460794.500000000, A.D. 2025-Apr-29 00:00:00.0000,  2.105386084682063E+08,  2.322379004680444E+08, -1.950613696879920E+07
2460795.500000000, A.D. 2025-Apr-30 00:00:00.0000,  2.100057124043360E+08,  2.338584453182267E+08, -1.942365595208243E+07
2460796.500000000, A.D. 2025-May-01 00:00:00.0000,  2.094661981391027E+08,  2.354716247713540E+08, -1.934056414747117E+07
2460797.500000000, A.D. 2025-May-02 00:00:00.0000,  2.089201347521979E+08,  2.370774467459171E+08, -1.925686896582508E+07
2460798.500000000, A.D. 2025-May-03 00:00:00.0000,  2.083675905324164E+08,  2.386759193651451E+08, -1.917257772874683E+07
2460799.500000000, A.D. 2025-May-04 00:00:00.0000,  2.078086329889932E+08,  2.402670509490728E+08, -1.908769766993697E+07
2460800.500000000, A.D. 2025-May-05 00:00:00.0000,  2.072433288627730E+08,  2.418508500068431E+08, -1.900223593652618E+07
2460801.500000000, A.D. 2025-May-06 00:00:00.0000,  2.066717441372119E+08,  2.434273252292419E+08, -1.891619959038661E+07
2460802.500000000, A.D. 2025-May-07 00:00:00.0000,  2.060939440492157E+08,  2.449964854814559E+08, -1.882959560942154E+07
2460803.500000000, A.D. 2025-May-08 00:00:00.0000,  2.055099930998143E+08,  2.465583397960479E+08, -1.874243088883400E+07
2460804.500000000, A.D. 2025-May-09 00:00:00.0000,  2.049199550646770E+08,  2.481128973661425E+08, -1.865471224237509E+07
2460805.500000000, A.D. 2025-May-10 00:00:00.0000,  2.043238930044683E+08,  2.496601675388163E+08, -1.856644640357162E+07
2460806.500000000, A.D. 2025-May-11 00:00:00.0000,  2.037218692750480E+08,  2.512001598086857E+08, -1.847764002693395E+07
2460807.500000000, A.D. 2025-May-12 00:00:00.0000,  2.031139455375167E+08,  2.527328838116882E+08, -1.838829968914406E+07
2460808.500000000, A.D. 2025-May-13 00:00:00.0000,  2.025001827681093E+08,  2.542583493190487E+08, -1.829843189022422E+07
2460809.500000000, A.D. 2025-May-14 00:00:00.0000,  2.018806412679380E+08,  2.557765662314286E+08, -1.820804305468670E+07
2460810.500000000, A.D. 2025-May-15 00:00:00.0000,  2.012553806725877E+08,  2.572875445732486E+08, -1.811713953266439E+07
2460811.500000000, A.D. 2025-May-16 00:00:00.0000,  2.006244599615650E+08,  2.587912944871842E+08, -1.802572760102347E+07
2460812.500000000, A.D. 2025-May-17 00:00:00.0000,  1.999879374676033E+08,  2.602878262288243E+08, -1.793381346445739E+07
2460813.500000000, A.D. 2025-May-18 00:00:00.0000,  1.993458708858266E+08,  2.617771501614919E+08, -1.784140325656343E+07
2460814.500000000, A.D. 2025-May-19 00:00:00.0000,  1.986983172827722E+08,  2.632592767512200E+08, -1.774850304090117E+07
2460815.500000000, A.D. 2025-May-20 00:00:00.0000,  1.980453331052771E+08,  2.647342165618784E+08, -1.765511881203428E+07
2460816.500000000, A.D. 2025-May-21 00:00:00.0000,  1.973869741892270E+08,  2.662019802504481E+08, -1.756125649655487E+07
2460817.500000000, A.D. 2025-May-22 00:00:00.0000,  1.967232957681731E+08,  2.676625785624361E+08, -1.746692195409133E+07
2460818.500000000, A.D. 2025-May-23 00:00:00.0000,  1.960543524818155E+08,  2.691160223274304E+08, -1.737212097829957E+07
2460819.500000000, A.D. 2025-May-24 00:00:00.0000,  1.953801983843583E+08,  2.705623224547879E+08, -1.727685929783833E+07
2460820.500000000, A.D. 2025-May-25 00:00:00.0000,  1.947008869527351E+08,  2.720014899294522E+08, -1.718114257732849E+07
2460821.500000000, A.D. 2025-May-26 00:00:00.0000,  1.940164710947103E+08,  2.734335358078983E+08, -1.708497641829666E+07
2460822.500000000, A.D. 2025-May-27 00:00:00.0000,  1.933270031568545E+08,  2.748584712141981E+08, -1.698836636010358E+07
2460823.500000000, A.D. 2025-May-28 00:00:00.0000,  1.926325349323991E+08,  2.762763073362072E+08, -1.689131788085718E+07
2460824.500000000, A.D. 2025-May-29 00:00:00.0000,  1.919331176689696E+08,  2.776870554218643E+08, -1.679383639831126E+07
2460825.500000000, A.D. 2025-May-30 00:00:00.0000,  1.912288020761998E+08,  2.790907267756045E+08, -1.669592727074875E+07
2460826.500000000, A.D. 2025-May-31 00:00:00.0000,  1.905196383332312E+08,  2.804873327548795E+08, -1.659759579785134E+07
2460827.500000000, A.D. 2025-Jun-01 00:00:00.0000,  1.898056760960949E+08,  2.818768847667850E+08, -1.649884722155477E+07
2460828.500000000, A.D. 2025-Jun-02 00:00:00.0000,  1.890869645049815E+08,  2.832593942647897E+08, -1.639968672688995E+07
2460829.500000000, A.D. 2025-Jun-03 00:00:00.0000,  1.883635521913995E+08,  2.846348727455628E+08, -1.630011944281067E+07
2460830.500000000, A.D. 2025-Jun-04 00:00:00.0000,  1.876354872852236E+08,  2.860033317459003E+08, -1.620015044300802E+07
2460831.500000000, A.D. 2025-Jun-05 00:00:00.0000,  1.869028174216357E+08,  2.873647828397432E+08, -1.609978474671137E+07
2460832.500000000, A.D. 2025-Jun-06 00:00:00.0000,  1.861655897479587E+08,  2.887192376352879E+08, -1.599902731947650E+07
2460833.500000000, A.D. 2025-Jun-07 00:00:00.0000,  1.854238509303868E+08,  2.900667077721851E+08, -1.589788307396105E+07
2460834.500000000, A.D. 2025-Jun-08 00:00:00.0000,  1.846776471606123E+08,  2.914072049188238E+08, -1.579635687068760E+07
2460835.500000000, A.D. 2025-Jun-09 00:00:00.0000,  1.839270241623521E+08,  2.927407407697003E+08, -1.569445351879425E+07
2460836.500000000, A.D. 2025-Jun-10 00:00:00.0000,  1.831720271977736E+08,  2.940673270428662E+08, -1.559217777677330E+07
2460837.500000000, A.D. 2025-Jun-11 00:00:00.0000,  1.824127010738240E+08,  2.953869754774567E+08, -1.548953435319799E+07
2460838.500000000, A.D. 2025-Jun-12 00:00:00.0000,  1.816490901484625E+08,  2.966996978312950E+08, -1.538652790743782E+07
2460839.500000000, A.D. 2025-Jun-13 00:00:00.0000,  1.808812383367975E+08,  2.980055058785692E+08, -1.528316305036221E+07
2460840.500000000, A.D. 2025-Jun-14 00:00:00.0000,  1.801091891171317E+08,  2.993044114075838E+08, -1.517944434503290E+07
2460841.500000000, A.D. 2025-Jun-15 00:00:00.0000,  1.793329855369143E+08,  3.005964262185787E+08, -1.507537630738567E+07
2460842.500000000, A.D. 2025-Jun-16 00:00:00.0000,  1.785526702186038E+08,  3.018815621216173E+08, -1.497096340690060E+07
2460843.500000000, A.D. 2025-Jun-17 00:00:00.0000,  1.777682853654417E+08,  3.031598309345399E+08, -1.486621006726244E+07
2460844.500000000, A.D. 2025-Jun-18 00:00:00.0000,  1.769798727671384E+08,  3.044312444809818E+08, -1.476112066700968E+07
2460845.500000000, A.D. 2025-Jun-19 00:00:00.0000,  1.761874738054740E+08,  3.056958145884524E+08, -1.465569954017404E+07
2460846.500000000, A.D. 2025-Jun-20 00:00:00.0000,  1.753911294598143E+08,  3.069535530864754E+08, -1.454995097690938E+07
2460847.500000000, A.D. 2025-Jun-21 00:00:00.0000,  1.745908803125434E+08,  3.082044718047873E+08, -1.444387922411086E+07
2460848.500000000, A.D. 2025-Jun-22 00:00:00.0000,  1.737867665544144E+08,  3.094485825715929E+08, -1.433748848602422E+07
2460849.500000000, A.D. 2025-Jun-23 00:00:00.0000,  1.729788279898202E+08,  3.106858972118762E+08, -1.423078292484571E+07
2460850.500000000, A.D. 2025-Jun-24 00:00:00.0000,  1.721671040419850E+08,  3.119164275457641E+08, -1.412376666131221E+07
2460851.500000000, A.D. 2025-Jun-25 00:00:00.0000,  1.713516337580772E+08,  3.131401853869439E+08, -1.401644377528240E+07
2460852.500000000, A.D. 2025-Jun-26 00:00:00.0000,  1.705324558142468E+08,  3.143571825411292E+08, -1.390881830630873E+07
2460853.500000000, A.D. 2025-Jun-27 00:00:00.0000,  1.697096085205871E+08,  3.155674308045774E+08, -1.380089425420044E+07
2460854.500000000, A.D. 2025-Jun-28 00:00:00.0000,  1.688831298260219E+08,  3.167709419626524E+08, -1.369267557957764E+07
2460855.500000000, A.D. 2025-Jun-29 00:00:00.0000,  1.680530573231202E+08,  3.179677277884367E+08, -1.358416620441708E+07
2460856.500000000, A.D. 2025-Jun-30 00:00:00.0000,  1.672194282528398E+08,  3.191578000413851E+08, -1.347537001258914E+07
2460857.500000000, A.D. 2025-Jul-01 00:00:00.0000,  1.663822795091991E+08,  3.203411704660254E+08, -1.336629085038652E+07
2460858.500000000, A.D. 2025-Jul-02 00:00:00.0000,  1.655416476438810E+08,  3.215178507906994E+08, -1.325693252704507E+07
2460859.500000000, A.D. 2025-Jul-03 00:00:00.0000,  1.646975688707673E+08,  3.226878527263462E+08, -1.314729881525590E+07
2460860.500000000, A.D. 2025-Jul-04 00:00:00.0000,  1.638500790704074E+08,  3.238511879653260E+08, -1.303739345167054E+07
2460861.500000000, A.D. 2025-Jul-05 00:00:00.0000,  1.629992137944199E+08,  3.250078681802813E+08, -1.292722013739726E+07
2460862.500000000, A.D. 2025-Jul-06 00:00:00.0000,  1.621450082698300E+08,  3.261579050230376E+08, -1.281678253849043E+07
2460863.500000000, A.D. 2025-Jul-07 00:00:00.0000,  1.612874974033428E+08,  3.273013101235404E+08, -1.270608428643245E+07
2460864.500000000, A.D. 2025-Jul-08 00:00:00.0000,  1.604267157855545E+08,  3.284380950888271E+08, -1.259512897860774E+07
2460865.500000000, A.D. 2025-Jul-09 00:00:00.0000,  1.595626976951002E+08,  3.295682715020353E+08, -1.248392017876996E+07
2460866.500000000, A.D. 2025-Jul-10 00:00:00.0000,  1.586954771027437E+08,  3.306918509214428E+08, -1.237246141750224E+07
2460867.500000000, A.D. 2025-Jul-11 00:00:00.0000,  1.578250876754050E+08,  3.318088448795422E+08, -1.226075619266942E+07
2460868.500000000, A.D. 2025-Jul-12 00:00:00.0000,  1.569515627801304E+08,  3.329192648821462E+08, -1.214880796986510E+07
2460869.500000000, A.D. 2025-Jul-13 00:00:00.0000,  1.560749354880053E+08,  3.340231224075240E+08, -1.203662018285011E+07
2460870.500000000, A.D. 2025-Jul-14 00:00:00.0000,  1.551952385780087E+08,  3.351204289055681E+08, -1.192419623398575E+07
2460871.500000000, A.D. 2025-Jul-15 00:00:00.0000,  1.543125045408134E+08,  3.362111957969898E+08, -1.181153949465974E+07
2460872.500000000, A.D. 2025-Jul-16 00:00:00.0000,  1.534267655825303E+08,  3.372954344725437E+08, -1.169865330570604E+07
2460873.500000000, A.D. 2025-Jul-17 00:00:00.0000,  1.525380536283989E+08,  3.383731562922788E+08, -1.158554097781824E+07
2460874.500000000, A.D. 2025-Jul-18 00:00:00.0000,  1.516464003264252E+08,  3.394443725848175E+08, -1.147220579195695E+07
2460875.500000000, A.D. 2025-Jul-19 00:00:00.0000,  1.507518370509663E+08,  3.405090946466594E+08, -1.135865099975084E+07
2460876.500000000, A.D. 2025-Jul-20 00:00:00.0000,  1.498543949062647E+08,  3.415673337415111E+08, -1.124487982389204E+07
2460877.500000000, A.D. 2025-Jul-21 00:00:00.0000,  1.489541047299310E+08,  3.426191010996408E+08, -1.113089545852521E+07
2460878.500000000, A.D. 2025-Jul-22 00:00:00.0000,  1.480509970963780E+08,  3.436644079172557E+08, -1.101670106963123E+07
2460879.500000000, A.D. 2025-Jul-23 00:00:00.0000,  1.471451023202048E+08,  3.447032653559034E+08, -1.090229979540519E+07
2460880.500000000, A.D. 2025-Jul-24 00:00:00.0000,  1.462364504595337E+08,  3.457356845418954E+08, -1.078769474662845E+07
2460881.500000000, A.D. 2025-Jul-25 00:00:00.0000,  1.453250713192988E+08,  3.467616765657528E+08, -1.067288900703555E+07
2460882.500000000, A.D. 2025-Jul-26 00:00:00.0000,  1.444109944544894E+08,  3.477812524816726E+08, -1.055788563367556E+07
2460883.500000000, A.D. 2025-Jul-27 00:00:00.0000,  1.434942491733463E+08,  3.487944233070157E+08, -1.044268765726848E+07
2460884.500000000, A.D. 2025-Jul-28 00:00:00.0000,  1.425748645405137E+08,  3.498012000218133E+08, -1.032729808255568E+07
2460885.500000000, A.D. 2025-Jul-29 00:00:00.0000,  1.416528693801472E+08,  3.508015935682945E+08, -1.021171988864617E+07
2460886.500000000, A.D. 2025-Jul-30 00:00:00.0000,  1.407282922789770E+08,  3.517956148504314E+08, -1.009595602935688E+07
2460887.500000000, A.D. 2025-Jul-31 00:00:00.0000,  1.398011615893300E+08,  3.527832747335032E+08, -9.980009433548942E+06
2460888.500000000, A.D. 2025-Aug-01 00:00:00.0000,  1.388715054321080E+08,  3.537645840436788E+08, -9.863883005458355E+06
2460889.500000000, A.D. 2025-Aug-02 00:00:00.0000,  1.379393516997256E+08,  3.547395535676146E+08, -9.747579625022188E+06
2460890.500000000, A.D. 2025-Aug-03 00:00:00.0000,  1.370047280590073E+08,  3.557081940520712E+08, -9.631102148200139E+06
2460891.500000000, A.D. 2025-Aug-04 00:00:00.0000,  1.360676619540433E+08,  3.566705162035463E+08, -9.514453407291338E+06
2460892.500000000, A.D. 2025-Aug-05 00:00:00.0000,  1.351281806090075E+08,  3.576265306879213E+08, -9.397636211246625E+06
2460893.500000000, A.D. 2025-Aug-06 00:00:00.0000,  1.341863110309356E+08,  3.585762481301260E+08, -9.280653345976472E+06
2460894.500000000, A.D. 2025-Aug-07 00:00:00.0000,  1.332420800124651E+08,  3.595196791138167E+08, -9.163507574654460E+06
2460895.500000000, A.D. 2025-Aug-08 00:00:00.0000,  1.322955141345383E+08,  3.604568341810689E+08, -9.046201638016298E+06
2460896.500000000, A.D. 2025-Aug-09 00:00:00.0000,  1.313466397690676E+08,  3.613877238320844E+08, -8.928738254654720E+06
2460897.500000000, A.D. 2025-Aug-10 00:00:00.0000,  1.303954830815652E+08,  3.623123585249125E+08, -8.811120121310577E+06
2460898.500000000, A.D. 2025-Aug-11 00:00:00.0000,  1.294420700337362E+08,  3.632307486751831E+08, -8.693349913158908E+06
2460899.500000000, A.D. 2025-Aug-12 00:00:00.0000,  1.284864263860376E+08,  3.641429046558540E+08, -8.575430284091979E+06
2460900.500000000, A.D. 2025-Aug-13 00:00:00.0000,  1.275285777002013E+08,  3.650488367969704E+08, -8.457363866997659E+06
2460901.500000000, A.D. 2025-Aug-14 00:00:00.0000,  1.265685493417244E+08,  3.659485553854356E+08, -8.339153274034366E+06
2460902.500000000, A.D. 2025-Aug-15 00:00:00.0000,  1.256063664823248E+08,  3.668420706647954E+08, -8.220801096901745E+06
2460903.500000000, A.D. 2025-Aug-16 00:00:00.0000,  1.246420541023652E+08,  3.677293928350315E+08, -8.102309907108009E+06
2460904.500000000, A.D. 2025-Aug-17 00:00:00.0000,  1.236756369932429E+08,  3.686105320523682E+08, -7.983682256233186E+06
2460905.500000000, A.D. 2025-Aug-18 00:00:00.0000,  1.227071397597492E+08,  3.694854984290882E+08, -7.864920676189080E+06
2460906.500000000, A.D. 2025-Aug-19 00:00:00.0000,  1.217365868223971E+08,  3.703543020333602E+08, -7.746027679475307E+06
2460907.500000000, A.D. 2025-Aug-20 00:00:00.0000,  1.207640024197171E+08,  3.712169528890755E+08, -7.627005759432152E+06
2460908.500000000, A.D. 2025-Aug-21 00:00:00.0000,  1.197894106105239E+08,  3.720734609756947E+08, -7.507857390489593E+06
2460909.500000000, A.D. 2025-Aug-22 00:00:00.0000,  1.188128352761525E+08,  3.729238362281044E+08, -7.388585028413311E+06
2460910.500000000, A.D. 2025-Aug-23 00:00:00.0000,  1.178343001226652E+08,  3.737680885364830E+08, -7.269191110547066E+06
2460911.500000000, A.D. 2025-Aug-24 00:00:00.0000,  1.168538286830289E+08,  3.746062277461746E+08, -7.149678056051865E+06
2460912.500000000, A.D. 2025-Aug-25 00:00:00.0000,  1.158714443192651E+08,  3.754382636575722E+08, -7.030048266141757E+06
2460913.500000000, A.D. 2025-Aug-26 00:00:00.0000,  1.148871702245709E+08,  3.762642060260092E+08, -6.910304124317184E+06
2460914.500000000, A.D. 2025-Aug-27 00:00:00.0000,  1.139010294254125E+08,  3.770840645616586E+08, -6.790447996593550E+06
2460915.500000000, A.D. 2025-Aug-28 00:00:00.0000,  1.129130447835916E+08,  3.778978489294406E+08, -6.670482231728733E+06
2460916.500000000, A.D. 2025-Aug-29 00:00:00.0000,  1.119232389982849E+08,  3.787055687489367E+08, -6.550409161446050E+06
2460917.500000000, A.D. 2025-Aug-30 00:00:00.0000,  1.109316346080576E+08,  3.795072335943123E+08, -6.430231100654572E+06
2460918.500000000, A.D. 2025-Aug-31 00:00:00.0000,  1.099382539928497E+08,  3.803028529942456E+08, -6.309950347667068E+06
2460919.500000000, A.D. 2025-Sep-01 00:00:00.0000,  1.089431193759377E+08,  3.810924364318641E+08, -6.189569184414431E+06
2460920.500000000, A.D. 2025-Sep-02 00:00:00.0000,  1.079462528258711E+08,  3.818759933446864E+08, -6.069089876657307E+06
2460921.500000000, A.D. 2025-Sep-03 00:00:00.0000,  1.069476762583829E+08,  3.826535331245731E+08, -5.948514674195141E+06
2460922.500000000, A.D. 2025-Sep-04 00:00:00.0000,  1.059474114382770E+08,  3.834250651176811E+08, -5.827845811072499E+06
2460923.500000000, A.D. 2025-Sep-05 00:00:00.0000,  1.049454799812905E+08,  3.841905986244267E+08, -5.707085505782217E+06
2460924.500000000, A.D. 2025-Sep-06 00:00:00.0000,  1.039419033559333E+08,  3.849501428994533E+08, -5.586235961466461E+06
2460925.500000000, A.D. 2025-Sep-07 00:00:00.0000,  1.029367028853028E+08,  3.857037071516052E+08, -5.465299366114855E+06
2460926.500000000, A.D. 2025-Sep-08 00:00:00.0000,  1.019298997488781E+08,  3.864513005439077E+08, -5.344277892759979E+06
2460927.500000000, A.D. 2025-Sep-09 00:00:00.0000,  1.009215149842890E+08,  3.871929321935520E+08, -5.223173699670613E+06
2460928.500000000, A.D. 2025-Sep-10 00:00:00.0000,  9.991156948906504E+07,  3.879286111718857E+08, -5.101988930542201E+06
2460929.500000000, A.D. 2025-Sep-11 00:00:00.0000,  9.890008402236114E+07,  3.886583465044091E+08, -4.980725714684933E+06
2460930.500000000, A.D. 2025-Sep-12 00:00:00.0000,  9.788707920666285E+07,  3.893821471707756E+08, -4.859386167209446E+06
2460931.500000000, A.D. 2025-Sep-13 00:00:00.0000,  9.687257552946967E+07,  3.901000221047973E+08, -4.737972389210522E+06
2460932.500000000, A.D. 2025-Sep-14 00:00:00.0000,  9.585659334495820E+07,  3.908119801944559E+08, -4.616486467947453E+06
2460933.500000000, A.D. 2025-Sep-15 00:00:00.0000,  9.483915287562409E+07,  3.915180302819172E+08, -4.494930477023304E+06
2460934.500000000, A.D. 2025-Sep-16 00:00:00.0000,  9.382027421390459E+07,  3.922181811635512E+08, -4.373306476561159E+06
2460935.500000000, A.D. 2025-Sep-17 00:00:00.0000,  9.279997732378088E+07,  3.929124415899549E+08, -4.251616513378292E+06
2460936.500000000, A.D. 2025-Sep-18 00:00:00.0000,  9.177828204236056E+07,  3.936008202659807E+08, -4.129862621158153E+06
2460937.500000000, A.D. 2025-Sep-19 00:00:00.0000,  9.075520808144166E+07,  3.942833258507685E+08, -4.008046820620418E+06
2460938.500000000, A.D. 2025-Sep-20 00:00:00.0000,  8.973077502905700E+07,  3.949599669577806E+08, -3.886171119688660E+06
2460939.500000000, A.D. 2025-Sep-21 00:00:00.0000,  8.870500235100023E+07,  3.956307521548427E+08, -3.764237513656229E+06
2460940.500000000, A.D. 2025-Sep-22 00:00:00.0000,  8.767790939233382E+07,  3.962956899641849E+08, -3.642247985349149E+06
2460941.500000000, A.D. 2025-Sep-23 00:00:00.0000,  8.664951537887827E+07,  3.969547888624905E+08, -3.520204505288750E+06
2460942.500000000, A.D. 2025-Sep-24 00:00:00.0000,  8.561983941868429E+07,  3.976080572809446E+08, -3.398109031850576E+06
2460943.500000000, A.D. 2025-Sep-25 00:00:00.0000,  8.458890050348708E+07,  3.982555036052879E+08, -3.275963511422187E+06
2460944.500000000, A.D. 2025-Sep-26 00:00:00.0000,  8.355671751014335E+07,  3.988971361758738E+08, -3.153769878559053E+06
2460945.500000000, A.D. 2025-Sep-27 00:00:00.0000,  8.252330920205173E+07,  3.995329632877266E+08, -3.031530056138188E+06
2460946.500000000, A.D. 2025-Sep-28 00:00:00.0000,  8.148869423055612E+07,  4.001629931906058E+08, -2.909245955510378E+06
2460947.500000000, A.D. 2025-Sep-29 00:00:00.0000,  8.045289113633282E+07,  4.007872340890692E+08, -2.786919476649880E+06
2460948.500000000, A.D. 2025-Sep-30 00:00:00.0000,  7.941591835076146E+07,  4.014056941425437E+08, -2.664552508303344E+06
2460949.500000000, A.D. 2025-Oct-01 00:00:00.0000,  7.837779419727992E+07,  4.020183814653940E+08, -2.542146928135961E+06
2460950.500000000, A.D. 2025-Oct-02 00:00:00.0000,  7.733853689272369E+07,  4.026253041269967E+08, -2.419704602876335E+06
2460951.500000000, A.D. 2025-Oct-03 00:00:00.0000,  7.629816454864964E+07,  4.032264701518164E+08, -2.297227388459772E+06
2460952.500000000, A.D. 2025-Oct-04 00:00:00.0000,  7.525669517264479E+07,  4.038218875194831E+08, -2.174717130169272E+06
2460953.500000000, A.D. 2025-Oct-05 00:00:00.0000,  7.421414666961998E+07,  4.044115641648741E+08, -2.052175662775904E+06
2460954.500000000, A.D. 2025-Oct-06 00:00:00.0000,  7.317053684308875E+07,  4.049955079781948E+08, -1.929604810676157E+06
2460955.500000000, A.D. 2025-Oct-07 00:00:00.0000,  7.212588339643195E+07,  4.055737268050653E+08, -1.807006388029009E+06
2460956.500000000, A.D. 2025-Oct-08 00:00:00.0000,  7.108020393414780E+07,  4.061462284466059E+08, -1.684382198890448E+06
2460957.500000000, A.D. 2025-Oct-09 00:00:00.0000,  7.003351596308807E+07,  4.067130206595271E+08, -1.561734037347049E+06
2460958.500000000, A.D. 2025-Oct-10 00:00:00.0000,  6.898583689368026E+07,  4.072741111562191E+08, -1.439063687647581E+06
2460959.500000000, A.D. 2025-Oct-11 00:00:00.0000,  6.793718404113635E+07,  4.078295076048455E+08, -1.316372924333215E+06
2460960.500000000, A.D. 2025-Oct-12 00:00:00.0000,  6.688757462664784E+07,  4.083792176294371E+08, -1.193663512366712E+06
2460961.500000000, A.D. 2025-Oct-13 00:00:00.0000,  6.583702577856788E+07,  4.089232488099871E+08, -1.070937207259119E+06
2460962.500000000, A.D. 2025-Oct-14 00:00:00.0000,  6.478555453358012E+07,  4.094616086825501E+08, -9.481957551962137E+05
2460963.500000000, A.D. 2025-Oct-15 00:00:00.0000,  6.373317783785486E+07,  4.099943047393404E+08, -8.254408931625485E+05
2460964.500000000, A.D. 2025-Oct-16 00:00:00.0000,  6.267991254819258E+07,  4.105213444288321E+08, -7.026743490646780E+05
2460965.500000000, A.D. 2025-Oct-17 00:00:00.0000,  6.162577543315501E+07,  4.110427351558617E+08, -5.798978418526947E+05
2460966.500000000, A.D. 2025-Oct-18 00:00:00.0000,  6.057078317418391E+07,  4.115584842817323E+08, -4.571130816409588E+05
2460967.500000000, A.D. 2025-Oct-19 00:00:00.0000,  5.951495236670788E+07,  4.120685991243157E+08, -3.343217698261142E+05
2460968.500000000, A.D. 2025-Oct-20 00:00:00.0000,  5.845829952123722E+07,  4.125730869581614E+08, -2.115255992060006E+05
2460969.500000000, A.D. 2025-Oct-21 00:00:00.0000,  5.740084106444733E+07,  4.130719550146009E+08, -8.872625409492850E+04
2460970.500000000, A.D. 2025-Oct-22 00:00:00.0000,  5.634259334025001E+07,  4.135652104818580E+08,  3.407458956044912E+04
2460971.500000000, A.D. 2025-Oct-23 00:00:00.0000,  5.528357261085419E+07,  4.140528605051564E+08,  1.568752640677989E+05
2460972.500000000, A.D. 2025-Oct-24 00:00:00.0000,  5.422379505781495E+07,  4.145349121868312E+08,  2.796741098763049E+05
2460973.500000000, A.D. 2025-Oct-25 00:00:00.0000,  5.316327678307176E+07,  4.150113725864395E+08,  4.024694754654467E+05
2460974.500000000, A.D. 2025-Oct-26 00:00:00.0000,  5.210203380997579E+07,  4.154822487208732E+08,  5.252597172342241E+05
2460975.500000000, A.D. 2025-Oct-27 00:00:00.0000,  5.104008208430674E+07,  4.159475475644711E+08,  6.480431993931234E+05
2460976.500000000, A.D. 2025-Oct-28 00:00:00.0000,  4.997743747527895E+07,  4.164072760491337E+08,  7.708182938553989E+05
2460977.500000000, A.D. 2025-Oct-29 00:00:00.0000,  4.891411577653731E+07,  4.168614410644379E+08,  8.935833801307082E+05
2460978.500000000, A.D. 2025-Oct-30 00:00:00.0000,  4.785013270714295E+07,  4.173100494577516E+08,  1.016336845219553E+06
2460979.500000000, A.D. 2025-Oct-31 00:00:00.0000,  4.678550391254894E+07,  4.177531080343511E+08,  1.139077083508790E+06
2460980.500000000, A.D. 2025-Nov-01 00:00:00.0000,  4.572024496556606E+07,  4.181906235575370E+08,  1.261802496667951E+06
2460981.500000000, A.D. 2025-Nov-02 00:00:00.0000,  4.465437136731890E+07,  4.186226027487523E+08,  1.384511493547380E+06
2460982.500000000, A.D. 2025-Nov-03 00:00:00.0000,  4.358789854819234E+07,  4.190490522877002E+08,  1.507202490076482E+06
2460983.500000000, A.D. 2025-Nov-04 00:00:00.0000,  4.252084186876869E+07,  4.194699788124629E+08,  1.629873909163773E+06
2460984.500000000, A.D. 2025-Nov-05 00:00:00.0000,  4.145321662075544E+07,  4.198853889196207E+08,  1.752524180597782E+06
2460985.500000000, A.D. 2025-Nov-06 00:00:00.0000,  4.038503802790401E+07,  4.202952891643717E+08,  1.875151740948468E+06
2460986.500000000, A.D. 2025-Nov-07 00:00:00.0000,  3.931632124691927E+07,  4.206996860606523E+08,  1.997755033470154E+06
2460987.500000000, A.D. 2025-Nov-08 00:00:00.0000,  3.824708136836051E+07,  4.210985860812569E+08,  2.120332508005470E+06
2460988.500000000, A.D. 2025-Nov-09 00:00:00.0000,  3.717733341753346E+07,  4.214919956579605E+08,  2.242882620889723E+06
2460989.500000000, A.D. 2025-Nov-10 00:00:00.0000,  3.610709235537378E+07,  4.218799211816382E+08,  2.365403834856987E+06
2460990.500000000, A.D. 2025-Nov-11 00:00:00.0000,  3.503637307932211E+07,  4.222623690023887E+08,  2.487894618946195E+06
2460991.500000000, A.D. 2025-Nov-12 00:00:00.0000,  3.396519042419079E+07,  4.226393454296548E+08,  2.610353448409081E+06
2460992.500000000, A.D. 2025-Nov-13 00:00:00.0000,  3.289355916302238E+07,  4.230108567323474E+08,  2.732778804618269E+06
2460993.500000000, A.D. 2025-Nov-14 00:00:00.0000,  3.182149400794014E+07,  4.233769091389664E+08,  2.855169174976736E+06
2460994.500000000, A.D. 2025-Nov-15 00:00:00.0000,  3.074900961099068E+07,  4.237375088377253E+08,  2.977523052827775E+06
2460995.500000000, A.D. 2025-Nov-16 00:00:00.0000,  2.967612056497798E+07,  4.240926619766741E+08,  3.099838937366217E+06
2460996.500000000, A.D. 2025-Nov-17 00:00:00.0000,  2.860284140429166E+07,  4.244423746638212E+08,  3.222115333550274E+06
2460997.500000000, A.D. 2025-Nov-18 00:00:00.0000,  2.752918660572553E+07,  4.247866529672590E+08,  3.344350752013952E+06
2460998.500000000, A.D. 2025-Nov-19 00:00:00.0000,  2.645517058928997E+07,  4.251255029152863E+08,  3.466543708980918E+06
2460999.500000000, A.D. 2025-Nov-20 00:00:00.0000,  2.538080771901663E+07,  4.254589304965339E+08,  3.588692726178437E+06
2461000.500000000, A.D. 2025-Nov-21 00:00:00.0000,  2.430611230375612E+07,  4.257869416600867E+08,  3.710796330752760E+06
2461001.500000000, A.D. 2025-Nov-22 00:00:00.0000,  2.323109859796850E+07,  4.261095423156091E+08,  3.832853055184543E+06
2461002.500000000, A.D. 2025-Nov-23 00:00:00.0000,  2.215578080250698E+07,  4.264267383334687E+08,  3.954861437206149E+06
2461003.500000000, A.D. 2025-Nov-24 00:00:00.0000,  2.108017306539477E+07,  4.267385355448613E+08,  4.076820019718260E+06
2461004.500000000, A.D. 2025-Nov-25 00:00:00.0000,  2.000428948259495E+07,  4.270449397419338E+08,  4.198727350708455E+06
2461005.500000000, A.D. 2025-Nov-26 00:00:00.0000,  1.892814409877413E+07,  4.273459566779096E+08,  4.320581983169854E+06
2461006.500000000, A.D. 2025-Nov-27 00:00:00.0000,  1.785175090805920E+07,  4.276415920672116E+08,  4.442382475020975E+06
2461007.500000000, A.D. 2025-Nov-28 00:00:00.0000,  1.677512385478793E+07,  4.279318515855869E+08,  4.564127389025241E+06
2461008.500000000, A.D. 2025-Nov-29 00:00:00.0000,  1.569827683425305E+07,  4.282167408702299E+08,  4.685815292712957E+06
2461009.500000000, A.D. 2025-Nov-30 00:00:00.0000,  1.462122369344014E+07,  4.284962655199066E+08,  4.807444758302033E+06
2461010.500000000, A.D. 2025-Dec-01 00:00:00.0000,  1.354397823175933E+07,  4.287704310950777E+08,  4.929014362620920E+06
2461011.500000000, A.D. 2025-Dec-02 00:00:00.0000,  1.246655420177091E+07,  4.290392431180222E+08,  5.050522687031329E+06
2461012.500000000, A.D. 2025-Dec-03 00:00:00.0000,  1.138896530990506E+07,  4.293027070729604E+08,  5.171968317351907E+06
2461013.500000000, A.D. 2025-Dec-04 00:00:00.0000,  1.031122521717558E+07,  4.295608284061774E+08,  5.293349843782634E+06
2461014.500000000, A.D. 2025-Dec-05 00:00:00.0000,  9.233347539887981E+06,  4.298136125261461E+08,  5.414665860829413E+06
2461015.500000000, A.D. 2025-Dec-06 00:00:00.0000,  8.155345850341853E+06,  4.300610648036499E+08,  5.535914967229962E+06
2461016.500000000, A.D. 2025-Dec-07 00:00:00.0000,  7.077233677527663E+06,  4.303031905719054E+08,  5.657095765879869E+06
2461017.500000000, A.D. 2025-Dec-08 00:00:00.0000,  5.999024507818131E+06,  4.305399951266853E+08,  5.778206863759130E+06
2461018.500000000, A.D. 2025-Dec-09 00:00:00.0000,  4.920731785654209E+06,  4.307714837264403E+08,  5.899246871859729E+06
2461019.500000000, A.D. 2025-Dec-10 00:00:00.0000,  3.842368914225814E+06,  4.309976615924220E+08,  6.020214405113131E+06
2461020.500000000, A.D. 2025-Dec-11 00:00:00.0000,  2.763949256147364E+06,  4.312185339088042E+08,  6.141108082319379E+06
2461021.500000000, A.D. 2025-Dec-12 00:00:00.0000,  1.685486134128224E+06,  4.314341058228050E+08,  6.261926526075423E+06
2461022.500000000, A.D. 2025-Dec-13 00:00:00.0000,  6.069928316381603E+05,  4.316443824448087E+08,  6.382668362705082E+06
2461023.500000000, A.D. 2025-Dec-14 00:00:00.0000, -4.715174064321303E+05,  4.318493688484864E+08,  6.503332222188950E+06
2461024.500000000, A.D. 2025-Dec-15 00:00:00.0000, -1.550031373115333E+06,  4.320490700709175E+08,  6.623916738095313E+06
2461025.500000000, A.D. 2025-Dec-16 00:00:00.0000, -2.628535898716567E+06,  4.322434911127104E+08,  6.744420547510833E+06
2461026.500000000, A.D. 2025-Dec-17 00:00:00.0000, -3.707017850167124E+06,  4.324326369381225E+08,  6.864842290972501E+06
2461027.500000000, A.D. 2025-Dec-18 00:00:00.0000, -4.785464130382773E+06,  4.326165124751812E+08,  6.985180612399727E+06
2461028.500000000, A.D. 2025-Dec-19 00:00:00.0000, -5.863861677626669E+06,  4.327951226158030E+08,  7.105434159026951E+06
2461029.500000000, A.D. 2025-Dec-20 00:00:00.0000, -6.942197464876522E+06,  4.329684722159133E+08,  7.225601581336677E+06
2461030.500000000, A.D. 2025-Dec-21 00:00:00.0000, -8.020458499196326E+06,  4.331365660955657E+08,  7.345681532993108E+06
2461031.500000000, A.D. 2025-Dec-22 00:00:00.0000, -9.098631821112255E+06,  4.332994090390606E+08,  7.465672670776367E+06
2461032.500000000, A.D. 2025-Dec-23 00:00:00.0000, -1.017670450399281E+07,  4.334570057950638E+08,  7.585573654516816E+06
2461033.500000000, A.D. 2025-Dec-24 00:00:00.0000, -1.125466365343308E+07,  4.336093610767251E+08,  7.705383147029787E+06
2461034.500000000, A.D. 2025-Dec-25 00:00:00.0000, -1.233249640664313E+07,  4.337564795617954E+08,  7.825099814051509E+06
2461035.500000000, A.D. 2025-Dec-26 00:00:00.0000, -1.341018993184031E+07,  4.338983658927444E+08,  7.944722324174583E+06
2461036.500000000, A.D. 2025-Dec-27 00:00:00.0000, -1.448773142764546E+07,  4.340350246768783E+08,  8.064249348784119E+06
2461037.500000000, A.D. 2025-Dec-28 00:00:00.0000, -1.556510812248318E+07,  4.341664604864553E+08,  8.183679561994851E+06
2461038.500000000, A.D. 2025-Dec-29 00:00:00.0000, -1.664230727398557E+07,  4.342926778588035E+08,  8.303011640587568E+06
2461039.500000000, A.D. 2025-Dec-30 00:00:00.0000, -1.771931616839995E+07,  4.344136812964354E+08,  8.422244263947219E+06
2461040.500000000, A.D. 2025-Dec-31 00:00:00.0000, -1.879612212000002E+07,  4.345294752671644E+08,  8.541376114000201E+06
2461041.500000000, A.D. 2026-Jan-01 00:00:00.0000, -1.987271247050077E+07,  4.346400642042201E+08,  8.660405875153095E+06
2461042.500000000, A.D. 2026-Jan-02 00:00:00.0000, -2.094907458847683E+07,  4.347454525063628E+08,  8.779332234230638E+06
2461043.500000000, A.D. 2026-Jan-03 00:00:00.0000, -2.202519586878415E+07,  4.348456445379979E+08,  8.898153880415589E+06
2461044.500000000, A.D. 2026-Jan-04 00:00:00.0000, -2.310106373198527E+07,  4.349406446292907E+08,  9.016869505187213E+06
2461045.500000000, A.D. 2026-Jan-05 00:00:00.0000, -2.417666562377772E+07,  4.350304570762794E+08,  9.135477802261412E+06
2461046.500000000, A.D. 2026-Jan-06 00:00:00.0000, -2.525198901442580E+07,  4.351150861409887E+08,  9.253977467530698E+06
2461047.500000000, A.D. 2026-Jan-07 00:00:00.0000, -2.632702139819539E+07,  4.351945360515432E+08,  9.372367199004501E+06
2461048.500000000, A.D. 2026-Jan-08 00:00:00.0000, -2.740175029279204E+07,  4.352688110022797E+08,  9.490645696750015E+06
2461049.500000000, A.D. 2026-Jan-09 00:00:00.0000, -2.847616323880196E+07,  4.353379151538594E+08,  9.608811662833005E+06
2461050.500000000, A.D. 2026-Jan-10 00:00:00.0000, -2.955024779913612E+07,  4.354018526333798E+08,  9.726863801259458E+06
2461051.500000000, A.D. 2026-Jan-11 00:00:00.0000, -3.062399155847720E+07,  4.354606275344865E+08,  9.844800817916870E+06
2461052.500000000, A.D. 2026-Jan-12 00:00:00.0000, -3.169738212272946E+07,  4.355142439174843E+08,  9.962621420516461E+06
2461053.500000000, A.D. 2026-Jan-13 00:00:00.0000, -3.277040711847132E+07,  4.355627058094476E+08,  1.008032431853554E+07
2461054.500000000, A.D. 2026-Jan-14 00:00:00.0000, -3.384305419241077E+07,  4.356060172043313E+08,  1.019790822315970E+07
2461055.500000000, A.D. 2026-Jan-15 00:00:00.0000, -3.491531101084342E+07,  4.356441820630808E+08,  1.031537184722596E+07
2461056.500000000, A.D. 2026-Jan-16 00:00:00.0000, -3.598716525911315E+07,  4.356772043137414E+08,  1.043271390516582E+07
2461057.500000000, A.D. 2026-Jan-17 00:00:00.0000, -3.705860464107536E+07,  4.357050878515684E+08,  1.054993311294854E+07
2461058.500000000, A.D. 2026-Jan-18 00:00:00.0000, -3.812961687856270E+07,  4.357278365391349E+08,  1.066702818802497E+07
2461059.500000000, A.D. 2026-Jan-19 00:00:00.0000, -3.920018971085317E+07,  4.357454542064418E+08,  1.078399784927112E+07
2461060.500000000, A.D. 2026-Jan-20 00:00:00.0000, -4.027031089414072E+07,  4.357579446510253E+08,  1.090084081693292E+07
2461061.500000000, A.D. 2026-Jan-21 00:00:00.0000, -4.133996820100801E+07,  4.357653116380652E+08,  1.101755581256989E+07
2461062.500000000, A.D. 2026-Jan-22 00:00:00.0000, -4.240914941990166E+07,  4.357675589004924E+08,  1.113414155900052E+07
2461063.500000000, A.D. 2026-Jan-23 00:00:00.0000, -4.347784235460944E+07,  4.357646901390965E+08,  1.125059678024656E+07
2461064.500000000, A.D. 2026-Jan-24 00:00:00.0000, -4.454603482373977E+07,  4.357567090226319E+08,  1.136692020147845E+07
2461065.500000000, A.D. 2026-Jan-25 00:00:00.0000, -4.561371466020335E+07,  4.357436191879258E+08,  1.148311054896078E+07
2461066.500000000, A.D. 2026-Jan-26 00:00:00.0000, -4.668086971069655E+07,  4.357254242399834E+08,  1.159916654999730E+07
2461067.500000000, A.D. 2026-Jan-27 00:00:00.0000, -4.774748783518717E+07,  4.357021277520944E+08,  1.171508693287733E+07
2461068.500000000, A.D. 2026-Jan-28 00:00:00.0000, -4.881355690640178E+07,  4.356737332659385E+08,  1.183087042682141E+07
2461069.500000000, A.D. 2026-Jan-29 00:00:00.0000, -4.987906480931510E+07,  4.356402442916908E+08,  1.194651576192728E+07
2461070.500000000, A.D. 2026-Jan-30 00:00:00.0000, -5.094399944064116E+07,  4.356016643081267E+08,  1.206202166911656E+07
2461071.500000000, A.D. 2026-Jan-31 00:00:00.0000, -5.200834870832624E+07,  4.355579967627267E+08,  1.217738688008150E+07
2461072.500000000, A.D. 2026-Feb-01 00:00:00.0000, -5.307210053104337E+07,  4.355092450717810E+08,  1.229261012723091E+07
2461073.500000000, A.D. 2026-Feb-02 00:00:00.0000, -5.413524283768872E+07,  4.354554126204934E+08,  1.240769014363781E+07
2461074.500000000, A.D. 2026-Feb-03 00:00:00.0000, -5.519776356687938E+07,  4.353965027630851E+08,  1.252262566298616E+07
2461075.500000000, A.D. 2026-Feb-04 00:00:00.0000, -5.625965066645275E+07,  4.353325188228979E+08,  1.263741541951832E+07
2461076.500000000, A.D. 2026-Feb-05 00:00:00.0000, -5.732089209296753E+07,  4.352634640924982E+08,  1.275205814798230E+07
2461077.500000000, A.D. 2026-Feb-06 00:00:00.0000, -5.838147581120597E+07,  4.351893418337793E+08,  1.286655258357912E+07
2461078.500000000, A.D. 2026-Feb-07 00:00:00.0000, -5.944138979367761E+07,  4.351101552780641E+08,  1.298089746191093E+07
2461079.500000000, A.D. 2026-Feb-08 00:00:00.0000, -6.050062202012448E+07,  4.350259076262078E+08,  1.309509151892868E+07
2461080.500000000, A.D. 2026-Feb-09 00:00:00.0000, -6.155916047702728E+07,  4.349366020486996E+08,  1.320913349087995E+07
2461081.500000000, A.D. 2026-Feb-10 00:00:00.0000, -6.261699315711316E+07,  4.348422416857647E+08,  1.332302211425719E+07
2461082.500000000, A.D. 2026-Feb-11 00:00:00.0000, -6.367410805886436E+07,  4.347428296474663E+08,  1.343675612574607E+07
2461083.500000000, A.D. 2026-Feb-12 00:00:00.0000, -6.473049318602856E+07,  4.346383690138065E+08,  1.355033426217365E+07
2461084.500000000, A.D. 2026-Feb-13 00:00:00.0000, -6.578613654712926E+07,  4.345288628348274E+08,  1.366375526045692E+07
2461085.500000000, A.D. 2026-Feb-14 00:00:00.0000, -6.684102615497839E+07,  4.344143141307123E+08,  1.377701785755149E+07
2461086.500000000, A.D. 2026-Feb-15 00:00:00.0000, -6.789515002618906E+07,  4.342947258918866E+08,  1.389012079040009E+07
2461087.500000000, A.D. 2026-Feb-16 00:00:00.0000, -6.894849618069024E+07,  4.341701010791185E+08,  1.400306279588160E+07
2461088.500000000, A.D. 2026-Feb-17 00:00:00.0000, -7.000105264124046E+07,  4.340404426236184E+08,  1.411584261075965E+07
2461089.500000000, A.D. 2026-Feb-18 00:00:00.0000, -7.105280743294434E+07,  4.339057534271396E+08,  1.422845897163185E+07
2461090.500000000, A.D. 2026-Feb-19 00:00:00.0000, -7.210374858276877E+07,  4.337660363620782E+08,  1.434091061487859E+07
2461091.500000000, A.D. 2026-Feb-20 00:00:00.0000, -7.315386411905997E+07,  4.336212942715756E+08,  1.445319627661240E+07
2461092.500000000, A.D. 2026-Feb-21 00:00:00.0000, -7.420314207106151E+07,  4.334715299696123E+08,  1.456531469262692E+07
2461093.500000000, A.D. 2026-Feb-22 00:00:00.0000, -7.525157046843244E+07,  4.333167462411118E+08,  1.467726459834650E+07
2461094.500000000, A.D. 2026-Feb-23 00:00:00.0000, -7.629913734076619E+07,  4.331569458420386E+08,  1.478904472877499E+07
2461095.500000000, A.D. 2026-Feb-24 00:00:00.0000, -7.734583071711001E+07,  4.329921314994969E+08,  1.490065381844571E+07
2461096.500000000, A.D. 2026-Feb-25 00:00:00.0000, -7.839163862548508E+07,  4.328223059118297E+08,  1.501209060137030E+07
2461097.500000000, A.D. 2026-Feb-26 00:00:00.0000, -7.943654909240660E+07,  4.326474717487165E+08,  1.512335381098872E+07
2461098.500000000, A.D. 2026-Feb-27 00:00:00.0000, -8.048055014240474E+07,  4.324676316512724E+08,  1.523444218011826E+07
2461099.500000000, A.D. 2026-Feb-28 00:00:00.0000, -8.152362979754566E+07,  4.322827882321455E+08,  1.534535444090372E+07
2461100.500000000, A.D. 2026-Mar-01 00:00:00.0000, -8.256577607695287E+07,  4.320929440756155E+08,  1.545608932476631E+07
2461101.500000000, A.D. 2026-Mar-02 00:00:00.0000, -8.360697699632916E+07,  4.318981017376901E+08,  1.556664556235382E+07
2461102.500000000, A.D. 2026-Mar-03 00:00:00.0000, -8.464722056747843E+07,  4.316982637462041E+08,  1.567702188349000E+07
2461103.500000000, A.D. 2026-Mar-04 00:00:00.0000, -8.568649479782791E+07,  4.314934326009161E+08,  1.578721701712435E+07
2461104.500000000, A.D. 2026-Mar-05 00:00:00.0000, -8.672478768995047E+07,  4.312836107736054E+08,  1.589722969128165E+07
2461105.500000000, A.D. 2026-Mar-06 00:00:00.0000, -8.776208724108702E+07,  4.310688007081702E+08,  1.600705863301191E+07
2461106.500000000, A.D. 2026-Mar-07 00:00:00.0000, -8.879838144266914E+07,  4.308490048207239E+08,  1.611670256833965E+07
2461107.500000000, A.D. 2026-Mar-08 00:00:00.0000, -8.983365827984145E+07,  4.306242254996931E+08,  1.622616022221410E+07
2461108.500000000, A.D. 2026-Mar-09 00:00:00.0000, -9.086790573098375E+07,  4.303944651059141E+08,  1.633543031845838E+07
2461109.500000000, A.D. 2026-Mar-10 00:00:00.0000, -9.190111176723388E+07,  4.301597259727296E+08,  1.644451157971984E+07
2461110.500000000, A.D. 2026-Mar-11 00:00:00.0000, -9.293326435200952E+07,  4.299200104060870E+08,  1.655340272741875E+07
2461111.500000000, A.D. 2026-Mar-12 00:00:00.0000, -9.396435144053027E+07,  4.296753206846338E+08,  1.666210248169896E+07
2461112.500000000, A.D. 2026-Mar-13 00:00:00.0000, -9.499436097933909E+07,  4.294256590598161E+08,  1.677060956137663E+07
2461113.500000000, A.D. 2026-Mar-14 00:00:00.0000, -9.602328090582420E+07,  4.291710277559745E+08,  1.687892268389052E+07
2461114.500000000, A.D. 2026-Mar-15 00:00:00.0000, -9.705109914773978E+07,  4.289114289704413E+08,  1.698704056525102E+07
2461115.500000000, A.D. 2026-Mar-16 00:00:00.0000, -9.807780362272671E+07,  4.286468648736383E+08,  1.709496191998985E+07
2461116.500000000, A.D. 2026-Mar-17 00:00:00.0000, -9.910338223783292E+07,  4.283773376091723E+08,  1.720268546110949E+07
2461117.500000000, A.D. 2026-Mar-18 00:00:00.0000, -1.001278228890330E+08,  4.281028492939340E+08,  1.731020990003252E+07
2461118.500000000, A.D. 2026-Mar-19 00:00:00.0000, -1.011511134607474E+08,  4.278234020181934E+08,  1.741753394655108E+07
2461119.500000000, A.D. 2026-Mar-20 00:00:00.0000, -1.021732418253614E+08,  4.275389978456982E+08,  1.752465630877599E+07
2461120.500000000, A.D. 2026-Mar-21 00:00:00.0000, -1.031941958427428E+08,  4.272496388137707E+08,  1.763157569308588E+07
2461121.500000000, A.D. 2026-Mar-22 00:00:00.0000, -1.042139633597593E+08,  4.269553269334046E+08,  1.773829080407676E+07
2461122.500000000, A.D. 2026-Mar-23 00:00:00.0000, -1.052325322097952E+08,  4.266560641893631E+08,  1.784480034451056E+07
2461123.500000000, A.D. 2026-Mar-24 00:00:00.0000, -1.062498902122674E+08,  4.263518525402762E+08,  1.795110301526439E+07
2461124.500000000, A.D. 2026-Mar-25 00:00:00.0000, -1.072660251721403E+08,  4.260426939187384E+08,  1.805719751527941E+07
2461125.500000000, A.D. 2026-Mar-26 00:00:00.0000, -1.082809248794401E+08,  4.257285902314060E+08,  1.816308254150948E+07
2461126.500000000, A.D. 2026-Mar-27 00:00:00.0000, -1.092945771087680E+08,  4.254095433590959E+08,  1.826875678887016E+07
2461127.500000000, A.D. 2026-Mar-28 00:00:00.0000, -1.103069696188128E+08,  4.250855551568832E+08,  1.837421895018694E+07
2461128.500000000, A.D. 2026-Mar-29 00:00:00.0000, -1.113180901518618E+08,  4.247566274541994E+08,  1.847946771614403E+07
2461129.500000000, A.D. 2026-Mar-30 00:00:00.0000, -1.123279264333118E+08,  4.244227620549311E+08,  1.858450177523264E+07
2461130.500000000, A.D. 2026-Mar-31 00:00:00.0000, -1.133364661711776E+08,  4.240839607375184E+08,  1.868931981369919E+07
2461131.500000000, A.D. 2026-Apr-01 00:00:00.0000, -1.143436970556006E+08,  4.237402252550545E+08,  1.879392051549351E+07
2461132.500000000, A.D. 2026-Apr-02 00:00:00.0000, -1.153496067583553E+08,  4.233915573353840E+08,  1.889830256221706E+07
2461133.500000000, A.D. 2026-Apr-03 00:00:00.0000, -1.163541829323554E+08,  4.230379586812029E+08,  1.900246463307047E+07
2461134.500000000, A.D. 2026-Apr-04 00:00:00.0000, -1.173574132111576E+08,  4.226794309701581E+08,  1.910640540480137E+07
2461135.500000000, A.D. 2026-Apr-05 00:00:00.0000, -1.183592852084649E+08,  4.223159758549473E+08,  1.921012355165234E+07
2461136.500000000, A.D. 2026-Apr-06 00:00:00.0000, -1.193597865176284E+08,  4.219475949634195E+08,  1.931361774530801E+07
2461137.500000000, A.D. 2026-Apr-07 00:00:00.0000, -1.203589047111470E+08,  4.215742898986755E+08,  1.941688665484253E+07
2461138.500000000, A.D. 2026-Apr-08 00:00:00.0000, -1.213566273401664E+08,  4.211960622391690E+08,  1.951992894666660E+07
2461139.500000000, A.D. 2026-Apr-09 00:00:00.0000, -1.223529419339761E+08,  4.208129135388074E+08,  1.962274328447476E+07
2461140.500000000, A.D. 2026-Apr-10 00:00:00.0000, -1.233478359995051E+08,  4.204248453270543E+08,  1.972532832919198E+07
2461141.500000000, A.D. 2026-Apr-11 00:00:00.0000, -1.243412970208154E+08,  4.200318591090311E+08,  1.982768273892030E+07
2461142.500000000, A.D. 2026-Apr-12 00:00:00.0000, -1.253333124585946E+08,  4.196339563656194E+08,  1.992980516888523E+07
2461143.500000000, A.D. 2026-Apr-13 00:00:00.0000, -1.263238697496460E+08,  4.192311385535642E+08,  2.003169427138260E+07
2461144.500000000, A.D. 2026-Apr-14 00:00:00.0000, -1.273129563063774E+08,  4.188234071055771E+08,  2.013334869572395E+07
2461145.500000000, A.D. 2026-Apr-15 00:00:00.0000, -1.283005595162874E+08,  4.184107634304401E+08,  2.023476708818278E+07
2461146.500000000, A.D. 2026-Apr-16 00:00:00.0000, -1.292866667414509E+08,  4.179932089131100E+08,  2.033594809194031E+07
2461147.500000000, A.D. 2026-Apr-17 00:00:00.0000, -1.302712653180014E+08,  4.175707449148232E+08,  2.043689034703091E+07
2461148.500000000, A.D. 2026-Apr-18 00:00:00.0000, -1.312543425556120E+08,  4.171433727732006E+08,  2.053759249028736E+07
2461149.500000000, A.D. 2026-Apr-19 00:00:00.0000, -1.322358857369740E+08,  4.167110938023541E+08,  2.063805315528584E+07
2461150.500000000, A.D. 2026-Apr-20 00:00:00.0000, -1.332158821172736E+08,  4.162739092929921E+08,  2.073827097229102E+07
2461151.500000000, A.D. 2026-Apr-21 00:00:00.0000, -1.341943189236661E+08,  4.158318205125270E+08,  2.083824456820041E+07
2461152.500000000, A.D. 2026-Apr-22 00:00:00.0000, -1.351711833547485E+08,  4.153848287051827E+08,  2.093797256648910E+07
2461153.500000000, A.D. 2026-Apr-23 00:00:00.0000, -1.361464625800286E+08,  4.149329350921019E+08,  2.103745358715346E+07
2461154.500000000, A.D. 2026-Apr-24 00:00:00.0000, -1.371201437393930E+08,  4.144761408714560E+08,  2.113668624665534E+07
2461155.500000000, A.D. 2026-Apr-25 00:00:00.0000, -1.380922139425721E+08,  4.140144472185532E+08,  2.123566915786570E+07
2461156.500000000, A.D. 2026-Apr-26 00:00:00.0000, -1.390626602686025E+08,  4.135478552859488E+08,  2.133440093000770E+07
2461157.500000000, A.D. 2026-Apr-27 00:00:00.0000, -1.400314697652871E+08,  4.130763662035557E+08,  2.143288016860035E+07
2461158.500000000, A.D. 2026-Apr-28 00:00:00.0000, -1.409986294486526E+08,  4.125999810787565E+08,  2.153110547540078E+07
2461159.500000000, A.D. 2026-Apr-29 00:00:00.0000, -1.419641263024046E+08,  4.121187009965136E+08,  2.162907544834736E+07
2461160.500000000, A.D. 2026-Apr-30 00:00:00.0000, -1.429279472773790E+08,  4.116325270194837E+08,  2.172678868150133E+07
2461161.500000000, A.D. 2026-May-01 00:00:00.0000, -1.438900792909925E+08,  4.111414601881300E+08,  2.182424376498944E+07
2461162.500000000, A.D. 2026-May-02 00:00:00.0000, -1.448505092266884E+08,  4.106455015208365E+08,  2.192143928494555E+07
2461163.500000000, A.D. 2026-May-03 00:00:00.0000, -1.458092239333805E+08,  4.101446520140230E+08,  2.201837382345143E+07
2461164.500000000, A.D. 2026-May-04 00:00:00.0000, -1.467662102248943E+08,  4.096389126422609E+08,  2.211504595847857E+07
2461165.500000000, A.D. 2026-May-05 00:00:00.0000, -1.477214548794045E+08,  4.091282843583895E+08,  2.221145426382881E+07
2461166.500000000, A.D. 2026-May-06 00:00:00.0000, -1.486749446388703E+08,  4.086127680936332E+08,  2.230759730907443E+07
2461167.500000000, A.D. 2026-May-07 00:00:00.0000, -1.496266662084669E+08,  4.080923647577198E+08,  2.240347365949875E+07
2461168.500000000, A.D. 2026-May-08 00:00:00.0000, -1.505766062560145E+08,  4.075670752389996E+08,  2.249908187603569E+07
2461169.500000000, A.D. 2026-May-09 00:00:00.0000, -1.515247514114036E+08,  4.070369004045656E+08,  2.259442051520926E+07
2461170.500000000, A.D. 2026-May-10 00:00:00.0000, -1.524710882660176E+08,  4.065018411003739E+08,  2.268948812907287E+07
2461171.500000000, A.D. 2026-May-11 00:00:00.0000, -1.534156033721517E+08,  4.059618981513663E+08,  2.278428326514795E+07
2461172.500000000, A.D. 2026-May-12 00:00:00.0000, -1.543582832424286E+08,  4.054170723615931E+08,  2.287880446636242E+07
2461173.500000000, A.D. 2026-May-13 00:00:00.0000, -1.552991143492111E+08,  4.048673645143370E+08,  2.297305027098876E+07
2461174.500000000, A.D. 2026-May-14 00:00:00.0000, -1.562380831240104E+08,  4.043127753722385E+08,  2.306701921258193E+07
2461175.500000000, A.D. 2026-May-15 00:00:00.0000, -1.571751759568924E+08,  4.037533056774223E+08,  2.316070981991625E+07
2461176.500000000, A.D. 2026-May-16 00:00:00.0000, -1.581103791958784E+08,  4.031889561516246E+08,  2.325412061692283E+07
2461177.500000000, A.D. 2026-May-17 00:00:00.0000, -1.590436791463444E+08,  4.026197274963223E+08,  2.334725012262604E+07
2461178.500000000, A.D. 2026-May-18 00:00:00.0000, -1.599750620704145E+08,  4.020456203928629E+08,  2.344009685107949E+07
2461179.500000000, A.D. 2026-May-19 00:00:00.0000, -1.609045141863521E+08,  4.014666355025954E+08,  2.353265931130195E+07
2461180.500000000, A.D. 2026-May-20 00:00:00.0000, -1.618320216679463E+08,  4.008827734670040E+08,  2.362493600721288E+07
2461181.500000000, A.D. 2026-May-21 00:00:00.0000, -1.627575706438952E+08,  4.002940349078417E+08,  2.371692543756711E+07
2461182.500000000, A.D. 2026-May-22 00:00:00.0000, -1.636811471971842E+08,  3.997004204272658E+08,  2.380862609588966E+07
2461183.500000000, A.D. 2026-May-23 00:00:00.0000, -1.646027373644608E+08,  3.991019306079746E+08,  2.390003647040963E+07
2461184.500000000, A.D. 2026-May-24 00:00:00.0000, -1.655223271354053E+08,  3.984985660133466E+08,  2.399115504399413E+07
2461185.500000000, A.D. 2026-May-25 00:00:00.0000, -1.664399024520965E+08,  3.978903271875793E+08,  2.408198029408139E+07
2461186.500000000, A.D. 2026-May-26 00:00:00.0000, -1.673554492083744E+08,  3.972772146558315E+08,  2.417251069261357E+07
2461187.500000000, A.D. 2026-May-27 00:00:00.0000, -1.682689532491970E+08,  3.966592289243655E+08,  2.426274470596913E+07
2461188.500000000, A.D. 2026-May-28 00:00:00.0000, -1.691804003699944E+08,  3.960363704806920E+08,  2.435268079489473E+07
2461189.500000000, A.D. 2026-May-29 00:00:00.0000, -1.700897763160162E+08,  3.954086397937157E+08,  2.444231741443676E+07
2461190.500000000, A.D. 2026-May-30 00:00:00.0000, -1.709970667816770E+08,  3.947760373138837E+08,  2.453165301387194E+07
2461191.500000000, A.D. 2026-May-31 00:00:00.0000, -1.719022574098947E+08,  3.941385634733346E+08,  2.462068603663844E+07
2461192.500000000, A.D. 2026-Jun-01 00:00:00.0000, -1.728053337914262E+08,  3.934962186860495E+08,  2.470941492026514E+07
2461193.500000000, A.D. 2026-Jun-02 00:00:00.0000, -1.737062814641966E+08,  3.928490033480060E+08,  2.479783809630156E+07
2461194.500000000, A.D. 2026-Jun-03 00:00:00.0000, -1.746050859126253E+08,  3.921969178373321E+08,  2.488595399024683E+07
2461195.500000000, A.D. 2026-Jun-04 00:00:00.0000, -1.755017325669451E+08,  3.915399625144644E+08,  2.497376102147803E+07
2461196.500000000, A.D. 2026-Jun-05 00:00:00.0000, -1.763962068025188E+08,  3.908781377223057E+08,  2.506125760317820E+07
2461197.500000000, A.D. 2026-Jun-06 00:00:00.0000, -1.772884939391481E+08,  3.902114437863870E+08,  2.514844214226383E+07
2461198.500000000, A.D. 2026-Jun-07 00:00:00.0000, -1.781785792403794E+08,  3.895398810150303E+08,  2.523531303931168E+07
2461199.500000000, A.D. 2026-Jun-08 00:00:00.0000, -1.790664479128028E+08,  3.888634496995137E+08,  2.532186868848503E+07
2461200.500000000, A.D. 2026-Jun-09 00:00:00.0000, -1.799520851053469E+08,  3.881821501142393E+08,  2.540810747745976E+07
2461201.500000000, A.D. 2026-Jun-10 00:00:00.0000, -1.808354759085677E+08,  3.874959825169022E+08,  2.549402778734943E+07
2461202.500000000, A.D. 2026-Jun-11 00:00:00.0000, -1.817166053539316E+08,  3.868049471486632E+08,  2.557962799262989E+07
2461203.500000000, A.D. 2026-Jun-12 00:00:00.0000, -1.825954584130932E+08,  3.861090442343225E+08,  2.566490646106339E+07
2461204.500000000, A.D. 2026-Jun-13 00:00:00.0000, -1.834720199971676E+08,  3.854082739824970E+08,  2.574986155362225E+07
2461205.500000000, A.D. 2026-Jun-14 00:00:00.0000, -1.843462749559963E+08,  3.847026365857993E+08,  2.583449162441137E+07
2461206.500000000, A.D. 2026-Jun-15 00:00:00.0000, -1.852182080774077E+08,  3.839921322210193E+08,  2.591879502059099E+07
2461207.500000000, A.D. 2026-Jun-16 00:00:00.0000, -1.860878040864711E+08,  3.832767610493079E+08,  2.600277008229819E+07
2461208.500000000, A.D. 2026-Jun-17 00:00:00.0000, -1.869550476447455E+08,  3.825565232163653E+08,  2.608641514256769E+07
2461209.500000000, A.D. 2026-Jun-18 00:00:00.0000, -1.878199233495210E+08,  3.818314188526290E+08,  2.616972852725285E+07
2461210.500000000, A.D. 2026-Jun-19 00:00:00.0000, -1.886824157330553E+08,  3.811014480734668E+08,  2.625270855494472E+07
2461211.500000000, A.D. 2026-Jun-20 00:00:00.0000, -1.895425092618028E+08,  3.803666109793715E+08,  2.633535353689191E+07
2461212.500000000, A.D. 2026-Jun-21 00:00:00.0000, -1.904001883356376E+08,  3.796269076561592E+08,  2.641766177691856E+07
2461213.500000000, A.D. 2026-Jun-22 00:00:00.0000, -1.912554372870702E+08,  3.788823381751695E+08,  2.649963157134229E+07
2461214.500000000, A.D. 2026-Jun-23 00:00:00.0000, -1.921082403804571E+08,  3.781329025934696E+08,  2.658126120889138E+07
2461215.500000000, A.D. 2026-Jun-24 00:00:00.0000, -1.929585818112040E+08,  3.773786009540606E+08,  2.666254897062120E+07
2461216.500000000, A.D. 2026-Jun-25 00:00:00.0000, -1.938064457049619E+08,  3.766194332860880E+08,  2.674349312982967E+07
2461217.500000000, A.D. 2026-Jun-26 00:00:00.0000, -1.946518161168167E+08,  3.758553996050541E+08,  2.682409195197292E+07
2461218.500000000, A.D. 2026-Jun-27 00:00:00.0000, -1.954946770304713E+08,  3.750864999130348E+08,  2.690434369457874E+07
2461219.500000000, A.D. 2026-Jun-28 00:00:00.0000, -1.963350123574204E+08,  3.743127341988982E+08,  2.698424660716096E+07
2461220.500000000, A.D. 2026-Jun-29 00:00:00.0000, -1.971728059361190E+08,  3.735341024385290E+08,  2.706379893113157E+07
2461221.500000000, A.D. 2026-Jun-30 00:00:00.0000, -1.980080415311422E+08,  3.727506045950533E+08,  2.714299889971338E+07
2461222.500000000, A.D. 2026-Jul-01 00:00:00.0000, -1.988407028323388E+08,  3.719622406190692E+08,  2.722184473785099E+07
2461223.500000000, A.D. 2026-Jul-02 00:00:00.0000, -1.996707734539762E+08,  3.711690104488804E+08,  2.730033466212174E+07
2461224.500000000, A.D. 2026-Jul-03 00:00:00.0000, -2.004982369338788E+08,  3.703709140107333E+08,  2.737846688064459E+07
2461225.500000000, A.D. 2026-Jul-04 00:00:00.0000, -2.013230767325574E+08,  3.695679512190572E+08,  2.745623959299028E+07
2461226.500000000, A.D. 2026-Jul-05 00:00:00.0000, -2.021452762323313E+08,  3.687601219767101E+08,  2.753365099008854E+07
2461227.500000000, A.D. 2026-Jul-06 00:00:00.0000, -2.029648187364429E+08,  3.679474261752266E+08,  2.761069925413589E+07
2461228.500000000, A.D. 2026-Jul-07 00:00:00.0000, -2.037816874681629E+08,  3.671298636950706E+08,  2.768738255850212E+07
2461229.500000000, A.D. 2026-Jul-08 00:00:00.0000, -2.045958655698882E+08,  3.663074344058924E+08,  2.776369906763586E+07
2461230.500000000, A.D. 2026-Jul-09 00:00:00.0000, -2.054073361022313E+08,  3.654801381667896E+08,  2.783964693696943E+07
2461231.500000000, A.D. 2026-Jul-10 00:00:00.0000, -2.062160820431007E+08,  3.646479748265715E+08,  2.791522431282300E+07
2461232.500000000, A.D. 2026-Jul-11 00:00:00.0000, -2.070220862867735E+08,  3.638109442240296E+08,  2.799042933230722E+07
2461233.500000000, A.D. 2026-Jul-12 00:00:00.0000, -2.078253316429583E+08,  3.629690461882113E+08,  2.806526012322599E+07
2461234.500000000, A.D. 2026-Jul-13 00:00:00.0000, -2.086258008358499E+08,  3.621222805386977E+08,  2.813971480397749E+07
2461235.500000000, A.D. 2026-Jul-14 00:00:00.0000, -2.094234765031750E+08,  3.612706470858881E+08,  2.821379148345451E+07
2461236.500000000, A.D. 2026-Jul-15 00:00:00.0000, -2.102183411952285E+08,  3.604141456312866E+08,  2.828748826094395E+07
2461237.500000000, A.D. 2026-Jul-16 00:00:00.0000, -2.110103773739004E+08,  3.595527759677960E+08,  2.836080322602564E+07
2461238.500000000, A.D. 2026-Jul-17 00:00:00.0000, -2.117995674116940E+08,  3.586865378800143E+08,  2.843373445846942E+07
2461239.500000000, A.D. 2026-Jul-18 00:00:00.0000, -2.125858935907337E+08,  3.578154311445385E+08,  2.850628002813227E+07
2461240.500000000, A.D. 2026-Jul-19 00:00:00.0000, -2.133693381017636E+08,  3.569394555302722E+08,  2.857843799485360E+07
2461241.500000000, A.D. 2026-Jul-20 00:00:00.0000, -2.141498830431369E+08,  3.560586107987382E+08,  2.865020640835024E+07
2461242.500000000, A.D. 2026-Jul-21 00:00:00.0000, -2.149275104197940E+08,  3.551728967043983E+08,  2.872158330810952E+07
2461243.500000000, A.D. 2026-Jul-22 00:00:00.0000, -2.157022021422313E+08,  3.542823129949760E+08,  2.879256672328284E+07
2461244.500000000, A.D. 2026-Jul-23 00:00:00.0000, -2.164739400254605E+08,  3.533868594117875E+08,  2.886315467257626E+07
2461245.500000000, A.D. 2026-Jul-24 00:00:00.0000, -2.172427057879559E+08,  3.524865356900755E+08,  2.893334516414186E+07
2461246.500000000, A.D. 2026-Jul-25 00:00:00.0000, -2.180084810505927E+08,  3.515813415593525E+08,  2.900313619546697E+07
2461247.500000000, A.D. 2026-Jul-26 00:00:00.0000, -2.187712473355736E+08,  3.506712767437464E+08,  2.907252575326231E+07
2461248.500000000, A.D. 2026-Jul-27 00:00:00.0000, -2.195309860653452E+08,  3.497563409623545E+08,  2.914151181334998E+07
2461249.500000000, A.D. 2026-Jul-28 00:00:00.0000, -2.202876785615032E+08,  3.488365339296035E+08,  2.921009234054913E+07
2461250.500000000, A.D. 2026-Jul-29 00:00:00.0000, -2.210413060436867E+08,  3.479118553556147E+08,  2.927826528856142E+07
2461251.500000000, A.D. 2026-Jul-30 00:00:00.0000, -2.217918496284604E+08,  3.469823049465770E+08,  2.934602859985512E+07
2461252.500000000, A.D. 2026-Jul-31 00:00:00.0000, -2.225392903281872E+08,  3.460478824051261E+08,  2.941338020554754E+07
2461253.500000000, A.D. 2026-Aug-01 00:00:00.0000, -2.232836090498861E+08,  3.451085874307299E+08,  2.948031802528711E+07
2461254.500000000, A.D. 2026-Aug-02 00:00:00.0000, -2.240247865940826E+08,  3.441644197200816E+08,  2.954683996713388E+07
2461255.500000000, A.D. 2026-Aug-03 00:00:00.0000, -2.247628036536428E+08,  3.432153789675003E+08,  2.961294392743868E+07
2461256.500000000, A.D. 2026-Aug-04 00:00:00.0000, -2.254976408125988E+08,  3.422614648653370E+08,  2.967862779072122E+07
2461257.500000000, A.D. 2026-Aug-05 00:00:00.0000, -2.262292785449596E+08,  3.413026771043900E+08,  2.974388942954741E+07
2461258.500000000, A.D. 2026-Aug-06 00:00:00.0000, -2.269576972135109E+08,  3.403390153743266E+08,  2.980872670440440E+07
2461259.500000000, A.D. 2026-Aug-07 00:00:00.0000, -2.276828770686017E+08,  3.393704793641127E+08,  2.987313746357542E+07
2461260.500000000, A.D. 2026-Aug-08 00:00:00.0000, -2.284047982469183E+08,  3.383970687624511E+08,  2.993711954301277E+07
2461261.500000000, A.D. 2026-Aug-09 00:00:00.0000, -2.291234407702454E+08,  3.374187832582268E+08,  3.000067076620962E+07
2461262.500000000, A.D. 2026-Aug-10 00:00:00.0000, -2.298387845442142E+08,  3.364356225409607E+08,  3.006378894407067E+07
2461263.500000000, A.D. 2026-Aug-11 00:00:00.0000, -2.305508093570363E+08,  3.354475863012725E+08,  3.012647187478131E+07
2461264.500000000, A.D. 2026-Aug-12 00:00:00.0000, -2.312594948782260E+08,  3.344546742313513E+08,  3.018871734367514E+07
2461265.500000000, A.D. 2026-Aug-13 00:00:00.0000, -2.319648206573066E+08,  3.334568860254355E+08,  3.025052312310106E+07
2461266.500000000, A.D. 2026-Aug-14 00:00:00.0000, -2.326667661225049E+08,  3.324542213803015E+08,  3.031188697228813E+07
2461267.500000000, A.D. 2026-Aug-15 00:00:00.0000, -2.333653105794300E+08,  3.314466799957619E+08,  3.037280663720915E+07
2461268.500000000, A.D. 2026-Aug-16 00:00:00.0000, -2.340604332097392E+08,  3.304342615751722E+08,  3.043327985044312E+07
2461269.500000000, A.D. 2026-Aug-17 00:00:00.0000, -2.347521130697879E+08,  3.294169658259485E+08,  3.049330433103622E+07
2461270.500000000, A.D. 2026-Aug-18 00:00:00.0000, -2.354403290892663E+08,  3.283947924600941E+08,  3.055287778436093E+07
2461271.500000000, A.D. 2026-Aug-19 00:00:00.0000, -2.361250600698201E+08,  3.273677411947356E+08,  3.061199790197437E+07
2461272.500000000, A.D. 2026-Aug-20 00:00:00.0000, -2.368062846836565E+08,  3.263358117526709E+08,  3.067066236147453E+07
2461273.500000000, A.D. 2026-Aug-21 00:00:00.0000, -2.374839814721349E+08,  3.252990038629257E+08,  3.072886882635513E+07
2461274.500000000, A.D. 2026-Aug-22 00:00:00.0000, -2.381581288443410E+08,  3.242573172613215E+08,  3.078661494585927E+07
2461275.500000000, A.D. 2026-Aug-23 00:00:00.0000, -2.388287050756468E+08,  3.232107516910551E+08,  3.084389835483107E+07
2461276.500000000, A.D. 2026-Aug-24 00:00:00.0000, -2.394956883062527E+08,  3.221593069032874E+08,  3.090071667356600E+07
2461277.500000000, A.D. 2026-Aug-25 00:00:00.0000, -2.401590565397150E+08,  3.211029826577452E+08,  3.095706750765960E+07
2461278.500000000, A.D. 2026-Aug-26 00:00:00.0000, -2.408187876414553E+08,  3.200417787233335E+08,  3.101294844785455E+07
2461279.500000000, A.D. 2026-Aug-27 00:00:00.0000, -2.414748593372546E+08,  3.189756948787596E+08,  3.106835706988582E+07
2461280.500000000, A.D. 2026-Aug-28 00:00:00.0000, -2.421272492117297E+08,  3.179047309131694E+08,  3.112329093432486E+07
2461281.500000000, A.D. 2026-Aug-29 00:00:00.0000, -2.427759347067924E+08,  3.168288866267965E+08,  3.117774758642122E+07
2461282.500000000, A.D. 2026-Aug-30 00:00:00.0000, -2.434208931200919E+08,  3.157481618316228E+08,  3.123172455594328E+07
2461283.500000000, A.D. 2026-Aug-31 00:00:00.0000, -2.440621016034389E+08,  3.146625563520526E+08,  3.128521935701667E+07
2461284.500000000, A.D. 2026-Sep-01 00:00:00.0000, -2.446995371612123E+08,  3.135720700255994E+08,  3.133822948796113E+07
2461285.500000000, A.D. 2026-Sep-02 00:00:00.0000, -2.453331766487479E+08,  3.124767027035872E+08,  3.139075243112579E+07
2461286.500000000, A.D. 2026-Sep-03 00:00:00.0000, -2.459629967707078E+08,  3.113764542518636E+08,  3.144278565272242E+07
2461287.500000000, A.D. 2026-Sep-04 00:00:00.0000, -2.465889740794326E+08,  3.102713245515292E+08,  3.149432660265687E+07
2461288.500000000, A.D. 2026-Sep-05 00:00:00.0000, -2.472110849732735E+08,  3.091613134996792E+08,  3.154537271435884E+07
2461289.500000000, A.D. 2026-Sep-06 00:00:00.0000, -2.478293056949060E+08,  3.080464210101613E+08,  3.159592140460956E+07
2461290.500000000, A.D. 2026-Sep-07 00:00:00.0000, -2.484436123296235E+08,  3.069266470143477E+08,  3.164597007336780E+07
2461291.500000000, A.D. 2026-Sep-08 00:00:00.0000, -2.490539808036118E+08,  3.058019914619226E+08,  3.169551610359383E+07
2461292.500000000, A.D. 2026-Sep-09 00:00:00.0000, -2.496603868822036E+08,  3.046724543216853E+08,  3.174455686107154E+07
2461293.500000000, A.D. 2026-Sep-10 00:00:00.0000, -2.502628061681118E+08,  3.035380355823695E+08,  3.179308969422831E+07
2461294.500000000, A.D. 2026-Sep-11 00:00:00.0000, -2.508612140996437E+08,  3.023987352534788E+08,  3.184111193395333E+07
2461295.500000000, A.D. 2026-Sep-12 00:00:00.0000, -2.514555859488931E+08,  3.012545533661389E+08,  3.188862089341359E+07
2461296.500000000, A.D. 2026-Sep-13 00:00:00.0000, -2.520458968199120E+08,  3.001054899739664E+08,  3.193561386786802E+07
2461297.500000000, A.D. 2026-Sep-14 00:00:00.0000, -2.526321216468602E+08,  2.989515451539564E+08,  3.198208813447919E+07
2461298.500000000, A.D. 2026-Sep-15 00:00:00.0000, -2.532142351921340E+08,  2.977927190073861E+08,  3.202804095212343E+07
2461299.500000000, A.D. 2026-Sep-16 00:00:00.0000, -2.537922120444722E+08,  2.966290116607376E+08,  3.207346956119852E+07
2461300.500000000, A.D. 2026-Sep-17 00:00:00.0000, -2.543660266170397E+08,  2.954604232666400E+08,  3.211837118342912E+07
2461301.500000000, A.D. 2026-Sep-18 00:00:00.0000, -2.549356531454890E+08,  2.942869540048288E+08,  3.216274302167054E+07
2461302.500000000, A.D. 2026-Sep-19 00:00:00.0000, -2.555010656859981E+08,  2.931086040831260E+08,  3.220658225970942E+07
2461303.500000000, A.D. 2026-Sep-20 00:00:00.0000, -2.560622381132853E+08,  2.919253737384401E+08,  3.224988606206316E+07
2461304.500000000, A.D. 2026-Sep-21 00:00:00.0000, -2.566191441186005E+08,  2.907372632377855E+08,  3.229265157377638E+07
2461305.500000000, A.D. 2026-Sep-22 00:00:00.0000, -2.571717572076923E+08,  2.895442728793237E+08,  3.233487592021537E+07
2461306.500000000, A.D. 2026-Sep-23 00:00:00.0000, -2.577200506987512E+08,  2.883464029934247E+08,  3.237655620686021E+07
2461307.500000000, A.D. 2026-Sep-24 00:00:00.0000, -2.582639977203271E+08,  2.871436539437515E+08,  3.241768951909445E+07
2461308.500000000, A.D. 2026-Sep-25 00:00:00.0000, -2.588035712092232E+08,  2.859360261283652E+08,  3.245827292199242E+07
2461309.500000000, A.D. 2026-Sep-26 00:00:00.0000, -2.593387439083637E+08,  2.847235199808536E+08,  3.249830346010424E+07
2461310.500000000, A.D. 2026-Sep-27 00:00:00.0000, -2.598694883646358E+08,  2.835061359714837E+08,  3.253777815723817E+07
2461311.500000000, A.D. 2026-Sep-28 00:00:00.0000, -2.603957769267060E+08,  2.822838746083762E+08,  3.257669401624086E+07
2461312.500000000, A.D. 2026-Sep-29 00:00:00.0000, -2.609175817428096E+08,  2.810567364387057E+08,  3.261504801877445E+07
2461313.500000000, A.D. 2026-Sep-30 00:00:00.0000, -2.614348747585138E+08,  2.798247220499252E+08,  3.265283712509197E+07
2461314.500000000, A.D. 2026-Oct-01 00:00:00.0000, -2.619476277144535E+08,  2.785878320710158E+08,  3.269005827380933E+07
2461315.500000000, A.D. 2026-Oct-02 00:00:00.0000, -2.624558121440390E+08,  2.773460671737624E+08,  3.272670838167539E+07
2461316.500000000, A.D. 2026-Oct-03 00:00:00.0000, -2.629593993711368E+08,  2.760994280740564E+08,  3.276278434333889E+07
2461317.500000000, A.D. 2026-Oct-04 00:00:00.0000, -2.634583605077214E+08,  2.748479155332248E+08,  3.279828303111309E+07
2461318.500000000, A.D. 2026-Oct-05 00:00:00.0000, -2.639526664514984E+08,  2.735915303593873E+08,  3.283320129473738E+07
2461319.500000000, A.D. 2026-Oct-06 00:00:00.0000, -2.644422878834985E+08,  2.723302734088420E+08,  3.286753596113645E+07
2461320.500000000, A.D. 2026-Oct-07 00:00:00.0000, -2.649271952656428E+08,  2.710641455874799E+08,  3.290128383417642E+07
2461321.500000000, A.D. 2026-Oct-08 00:00:00.0000, -2.654073588382768E+08,  2.697931478522289E+08,  3.293444169441840E+07
2461322.500000000, A.D. 2026-Oct-09 00:00:00.0000, -2.658827486176748E+08,  2.685172812125288E+08,  3.296700629886904E+07
2461323.500000000, A.D. 2026-Oct-10 00:00:00.0000, -2.663533343935142E+08,  2.672365467318359E+08,  3.299897438072832E+07
2461324.500000000, A.D. 2026-Oct-11 00:00:00.0000, -2.668190857263173E+08,  2.659509455291619E+08,  3.303034264913414E+07
2461325.500000000, A.D. 2026-Oct-12 00:00:00.0000, -2.672799719448624E+08,  2.646604787806422E+08,  3.306110778890470E+07
2461326.500000000, A.D. 2026-Oct-13 00:00:00.0000, -2.677359621435627E+08,  2.633651477211398E+08,  3.309126646027690E+07
2461327.500000000, A.D. 2026-Oct-14 00:00:00.0000, -2.681870251798126E+08,  2.620649536458822E+08,  3.312081529864238E+07
2461328.500000000, A.D. 2026-Oct-15 00:00:00.0000, -2.686331296713011E+08,  2.607598979121331E+08,  3.314975091428050E+07
2461329.500000000, A.D. 2026-Oct-16 00:00:00.0000, -2.690742439932919E+08,  2.594499819409001E+08,  3.317806989208783E+07
2461330.500000000, A.D. 2026-Oct-17 00:00:00.0000, -2.695103362758694E+08,  2.581352072186781E+08,  3.320576879130496E+07
2461331.500000000, A.D. 2026-Oct-18 00:00:00.0000, -2.699413744011514E+08,  2.568155752992306E+08,  3.323284414523976E+07
2461332.500000000, A.D. 2026-Oct-19 00:00:00.0000, -2.703673260004656E+08,  2.554910878054094E+08,  3.325929246098773E+07
2461333.500000000, A.D. 2026-Oct-20 00:00:00.0000, -2.707881584514917E+08,  2.541617464310116E+08,  3.328511021914899E+07
2461334.500000000, A.D. 2026-Oct-21 00:00:00.0000, -2.712038388753678E+08,  2.528275529426790E+08,  3.331029387354195E+07
2461335.500000000, A.D. 2026-Oct-22 00:00:00.0000, -2.716143341337610E+08,  2.514885091818362E+08,  3.333483985091370E+07
2461336.500000000, A.D. 2026-Oct-23 00:00:00.0000, -2.720196108258998E+08,  2.501446170666716E+08,  3.335874455064709E+07
2461337.500000000, A.D. 2026-Oct-24 00:00:00.0000, -2.724196352855714E+08,  2.487958785941612E+08,  3.338200434446435E+07
2461338.500000000, A.D. 2026-Oct-25 00:00:00.0000, -2.728143735780797E+08,  2.474422958421352E+08,  3.340461557612729E+07
2461339.500000000, A.D. 2026-Oct-26 00:00:00.0000, -2.732037914971660E+08,  2.460838709713910E+08,  3.342657456113401E+07
2461340.500000000, A.D. 2026-Oct-27 00:00:00.0000, -2.735878545618910E+08,  2.447206062278502E+08,  3.344787758641230E+07
2461341.500000000, A.D. 2026-Oct-28 00:00:00.0000, -2.739665280134771E+08,  2.433525039447643E+08,  3.346852091000903E+07
2461342.500000000, A.D. 2026-Oct-29 00:00:00.0000, -2.743397768121115E+08,  2.419795665449671E+08,  3.348850076077646E+07
2461343.500000000, A.D. 2026-Oct-30 00:00:00.0000, -2.747075656337088E+08,  2.406017965431771E+08,  3.350781333805461E+07
2461344.500000000, A.D. 2026-Oct-31 00:00:00.0000, -2.750698588666332E+08,  2.392191965483496E+08,  3.352645481135000E+07
2461345.500000000, A.D. 2026-Nov-01 00:00:00.0000, -2.754266206083789E+08,  2.378317692660809E+08,  3.354442132001075E+07
2461346.500000000, A.D. 2026-Nov-02 00:00:00.0000, -2.757778146622093E+08,  2.364395175010652E+08,  3.356170897289793E+07
2461347.500000000, A.D. 2026-Nov-03 00:00:00.0000, -2.761234045337530E+08,  2.350424441596046E+08,  3.357831384805305E+07
2461348.500000000, A.D. 2026-Nov-04 00:00:00.0000, -2.764633534275585E+08,  2.336405522521761E+08,  3.359423199236177E+07
2461349.500000000, A.D. 2026-Nov-05 00:00:00.0000, -2.767976242436029E+08,  2.322338448960533E+08,  3.360945942121373E+07
2461350.500000000, A.D. 2026-Nov-06 00:00:00.0000, -2.771261795737600E+08,  2.308223253179876E+08,  3.362399211815833E+07
2461351.500000000, A.D. 2026-Nov-07 00:00:00.0000, -2.774489816982205E+08,  2.294059968569481E+08,  3.363782603455698E+07
2461352.500000000, A.D. 2026-Nov-08 00:00:00.0000, -2.777659925818692E+08,  2.279848629669221E+08,  3.365095708923094E+07
2461353.500000000, A.D. 2026-Nov-09 00:00:00.0000, -2.780771738706167E+08,  2.265589272197784E+08,  3.366338116810511E+07
2461354.500000000, A.D. 2026-Nov-10 00:00:00.0000, -2.783824868876835E+08,  2.251281933081941E+08,  3.367509412384824E+07
2461355.500000000, A.D. 2026-Nov-11 00:00:00.0000, -2.786818926298384E+08,  2.236926650486470E+08,  3.368609177550848E+07
2461356.500000000, A.D. 2026-Nov-12 00:00:00.0000, -2.789753517635896E+08,  2.222523463844739E+08,  3.369636990814522E+07
2461357.500000000, A.D. 2026-Nov-13 00:00:00.0000, -2.792628246213278E+08,  2.208072413890000E+08,  3.370592427245641E+07
2461358.500000000, A.D. 2026-Nov-14 00:00:00.0000, -2.795442711974200E+08,  2.193573542687352E+08,  3.371475058440198E+07
2461359.500000000, A.D. 2026-Nov-15 00:00:00.0000, -2.798196511442557E+08,  2.179026893666448E+08,  3.372284452482277E+07
2461360.500000000, A.D. 2026-Nov-16 00:00:00.0000, -2.800889237682423E+08,  2.164432511654934E+08,  3.373020173905528E+07
2461361.500000000, A.D. 2026-Nov-17 00:00:00.0000, -2.803520480257506E+08,  2.149790442912639E+08,  3.373681783654207E+07
2461362.500000000, A.D. 2026-Nov-18 00:00:00.0000, -2.806089825190092E+08,  2.135100735166544E+08,  3.374268839043789E+07
2461363.500000000, A.D. 2026-Nov-19 00:00:00.0000, -2.808596854919481E+08,  2.120363437646536E+08,  3.374780893721117E+07
2461364.500000000, A.D. 2026-Nov-20 00:00:00.0000, -2.811041148259889E+08,  2.105578601121984E+08,  3.375217497624138E+07
2461365.500000000, A.D. 2026-Nov-21 00:00:00.0000, -2.813422280357831E+08,  2.090746277939138E+08,  3.375578196941158E+07
2461366.500000000, A.D. 2026-Nov-22 00:00:00.0000, -2.815739822648969E+08,  2.075866522059385E+08,  3.375862534069677E+07
2461367.500000000, A.D. 2026-Nov-23 00:00:00.0000, -2.817993342814424E+08,  2.060939389098372E+08,  3.376070047574754E+07
2461368.500000000, A.D. 2026-Nov-24 00:00:00.0000, -2.820182404736531E+08,  2.045964936366031E+08,  3.376200272146910E+07
2461369.500000000, A.D. 2026-Nov-25 00:00:00.0000, -2.822306568454055E+08,  2.030943222907511E+08,  3.376252738559584E+07
2461370.500000000, A.D. 2026-Nov-26 00:00:00.0000, -2.824365390116848E+08,  2.015874309545052E+08,  3.376226973626105E+07
2461371.500000000, A.D. 2026-Nov-27 00:00:00.0000, -2.826358421939933E+08,  2.000758258920827E+08,  3.376122500156222E+07
2461372.500000000, A.D. 2026-Nov-28 00:00:00.0000, -2.828285212157041E+08,  1.985595135540755E+08,  3.375938836912151E+07
2461373.500000000, A.D. 2026-Nov-29 00:00:00.0000, -2.830145304973549E+08,  1.970385005819342E+08,  3.375675498564135E+07
2461374.500000000, A.D. 2026-Nov-30 00:00:00.0000, -2.831938240518857E+08,  1.955127938125541E+08,  3.375331995645582E+07
2461375.500000000, A.D. 2026-Dec-01 00:00:00.0000, -2.833663554798180E+08,  1.939824002829687E+08,  3.374907834507649E+07
2461376.500000000, A.D. 2026-Dec-02 00:00:00.0000, -2.835320779643731E+08,  1.924473272351512E+08,  3.374402517273425E+07
2461377.500000000, A.D. 2026-Dec-03 00:00:00.0000, -2.836909442665336E+08,  1.909075821209280E+08,  3.373815541791589E+07
2461378.500000000, A.D. 2026-Dec-04 00:00:00.0000, -2.838429067200426E+08,  1.893631726070066E+08,  3.373146401589593E+07
2461379.500000000, A.D. 2026-Dec-05 00:00:00.0000, -2.839879172263432E+08,  1.878141065801204E+08,  3.372394585826363E+07
2461380.500000000, A.D. 2026-Dec-06 00:00:00.0000, -2.841259272494566E+08,  1.862603921522942E+08,  3.371559579244543E+07
2461381.500000000, A.D. 2026-Dec-07 00:00:00.0000, -2.842568878107986E+08,  1.847020376662333E+08,  3.370640862122212E+07
2461382.500000000, A.D. 2026-Dec-08 00:00:00.0000, -2.843807494839340E+08,  1.831390517008376E+08,  3.369637910224135E+07
2461383.500000000, A.D. 2026-Dec-09 00:00:00.0000, -2.844974623892676E+08,  1.815714430768476E+08,  3.368550194752537E+07
2461384.500000000, A.D. 2026-Dec-10 00:00:00.0000, -2.846069761886736E+08,  1.799992208626213E+08,  3.367377182297371E+07
2461385.500000000, A.D. 2026-Dec-11 00:00:00.0000, -2.847092400800588E+08,  1.784223943800483E+08,  3.366118334786121E+07
2461386.500000000, A.D. 2026-Dec-12 00:00:00.0000, -2.848042027918645E+08,  1.768409732106041E+08,  3.364773109433094E+07
2461387.500000000, A.D. 2026-Dec-13 00:00:00.0000, -2.848918125775021E+08,  1.752549672015471E+08,  3.363340958688255E+07
2461388.500000000, A.D. 2026-Dec-14 00:00:00.0000, -2.849720172097242E+08,  1.736643864722627E+08,  3.361821330185550E+07
2461389.500000000, A.D. 2026-Dec-15 00:00:00.0000, -2.850447639749298E+08,  1.720692414207592E+08,  3.360213666690774E+07
2461390.500000000, A.D. 2026-Dec-16 00:00:00.0000, -2.851099996674054E+08,  1.704695427303166E+08,  3.358517406048927E+07
2461391.500000000, A.D. 2026-Dec-17 00:00:00.0000, -2.851676705834979E+08,  1.688653013762958E+08,  3.356731981131124E+07
2461392.500000000, A.D. 2026-Dec-18 00:00:00.0000, -2.852177225157228E+08,  1.672565286331096E+08,  3.354856819781008E+07
2461393.500000000, A.D. 2026-Dec-19 00:00:00.0000, -2.852601007468045E+08,  1.656432360813611E+08,  3.352891344760691E+07
2461394.500000000, A.D. 2026-Dec-20 00:00:00.0000, -2.852947500436507E+08,  1.640254356151530E+08,  3.350834973696233E+07
2461395.500000000, A.D. 2026-Dec-21 00:00:00.0000, -2.853216146512584E+08,  1.624031394495724E+08,  3.348687119022666E+07
2461396.500000000, A.D. 2026-Dec-22 00:00:00.0000, -2.853406382865539E+08,  1.607763601283572E+08,  3.346447187928531E+07
2461397.500000000, A.D. 2026-Dec-23 00:00:00.0000, -2.853517641321637E+08,  1.591451105317454E+08,  3.344114582299976E+07
2461398.500000000, A.D. 2026-Dec-24 00:00:00.0000, -2.853549348301191E+08,  1.575094038845159E+08,  3.341688698664413E+07
2461399.500000000, A.D. 2026-Dec-25 00:00:00.0000, -2.853500924754918E+08,  1.558692537642226E+08,  3.339168928133710E+07
2461400.500000000, A.D. 2026-Dec-26 00:00:00.0000, -2.853371786099623E+08,  1.542246741096295E+08,  3.336554656346986E+07
2461401.500000000, A.D. 2026-Dec-27 00:00:00.0000, -2.853161342153206E+08,  1.525756792293494E+08,  3.333845263412917E+07
2461402.500000000, A.D. 2026-Dec-28 00:00:00.0000, -2.852868997068981E+08,  1.509222838106944E+08,  3.331040123851689E+07
2461403.500000000, A.D. 2026-Dec-29 00:00:00.0000, -2.852494149269333E+08,  1.492645029287406E+08,  3.328138606536491E+07
2461404.500000000, A.D. 2026-Dec-30 00:00:00.0000, -2.852036191378682E+08,  1.476023520556153E+08,  3.325140074634640E+07
2461405.500000000, A.D. 2026-Dec-31 00:00:00.0000, -2.851494510155783E+08,  1.459358470700113E+08,  3.322043885548297E+07
2461406.500000000, A.D. 2027-Jan-01 00:00:00.0000, -2.850868486425356E+08,  1.442650042669340E+08,  3.318849390854815E+07
2461407.500000000, A.D. 2027-Jan-02 00:00:00.0000, -2.850157495009042E+08,  1.425898403676876E+08,  3.315555936246727E+07
2461408.500000000, A.D. 2027-Jan-03 00:00:00.0000, -2.849360904655699E+08,  1.409103725301082E+08,  3.312162861471359E+07
2461409.500000000, A.D. 2027-Jan-04 00:00:00.0000, -2.848478077971034E+08,  1.392266183590467E+08,  3.308669500270143E+07
2461410.500000000, A.D. 2027-Jan-05 00:00:00.0000, -2.847508371346590E+08,  1.375385959171127E+08,  3.305075180317575E+07
2461411.500000000, A.D. 2027-Jan-06 00:00:00.0000, -2.846451134888076E+08,  1.358463237356820E+08,  3.301379223159894E+07
2461412.500000000, A.D. 2027-Jan-07 00:00:00.0000, -2.845305712343062E+08,  1.341498208261772E+08,  3.297580944153464E+07
2461413.500000000, A.D. 2027-Jan-08 00:00:00.0000, -2.844071441028042E+08,  1.324491066916285E+08,  3.293679652402890E+07
2461414.500000000, A.D. 2027-Jan-09 00:00:00.0000, -2.842747651754878E+08,  1.307442013385195E+08,  3.289674650698892E+07
2461415.500000000, A.D. 2027-Jan-10 00:00:00.0000, -2.841333668756617E+08,  1.290351252889305E+08,  3.285565235455953E+07
2461416.500000000, A.D. 2027-Jan-11 00:00:00.0000, -2.839828809612729E+08,  1.273218995929807E+08,  3.281350696649784E+07
2461417.500000000, A.D. 2027-Jan-12 00:00:00.0000, -2.838232385173742E+08,  1.256045458415832E+08,  3.277030317754585E+07
2461418.500000000, A.D. 2027-Jan-13 00:00:00.0000, -2.836543699485309E+08,  1.238830861795169E+08,  3.272603375680193E+07
2461419.500000000, A.D. 2027-Jan-14 00:00:00.0000, -2.834762049711714E+08,  1.221575433188261E+08,  3.268069140709096E+07
2461420.500000000, A.D. 2027-Jan-15 00:00:00.0000, -2.832886726058844E+08,  1.204279405525552E+08,  3.263426876433362E+07
2461421.500000000, A.D. 2027-Jan-16 00:00:00.0000, -2.830917011696625E+08,  1.186943017688272E+08,  3.258675839691534E+07
2461422.500000000, A.D. 2027-Jan-17 00:00:00.0000, -2.828852182680973E+08,  1.169566514652769E+08,  3.253815280505475E+07
2461423.500000000, A.D. 2027-Jan-18 00:00:00.0000, -2.826691507875247E+08,  1.152150147638454E+08,  3.248844442017271E+07
2461424.500000000, A.D. 2027-Jan-19 00:00:00.0000, -2.824434248871257E+08,  1.134694174259481E+08,  3.243762560426175E+07
2461425.500000000, A.D. 2027-Jan-20 00:00:00.0000, -2.822079659909835E+08,  1.117198858680250E+08,  3.238568864925660E+07
2461426.500000000, A.D. 2027-Jan-21 00:00:00.0000, -2.819626987801002E+08,  1.099664471774821E+08,  3.233262577640616E+07
2461427.500000000, A.D. 2027-Jan-22 00:00:00.0000, -2.817075471843762E+08,  1.082091291290374E+08,  3.227842913564757E+07
2461428.500000000, A.D. 2027-Jan-23 00:00:00.0000, -2.814424343745553E+08,  1.064479602014793E+08,  3.222309080498262E+07
2461429.500000000, A.D. 2027-Jan-24 00:00:00.0000, -2.811672827541389E+08,  1.046829695948499E+08,  3.216660278985730E+07
2461430.500000000, A.D. 2027-Jan-25 00:00:00.0000, -2.808820139512729E+08,  1.029141872480642E+08,  3.210895702254486E+07
2461431.500000000, A.D. 2027-Jan-26 00:00:00.0000, -2.805865488106112E+08,  1.011416438569763E+08,  3.205014536153303E+07
2461432.500000000, A.D. 2027-Jan-27 00:00:00.0000, -2.802808073851598E+08,  9.936537089290544E+07,  3.199015959091606E+07
2461433.500000000, A.D. 2027-Jan-28 00:00:00.0000, -2.799647089281073E+08,  9.758540062163293E+07,  3.192899141979248E+07
2461434.500000000, A.D. 2027-Jan-29 00:00:00.0000, -2.796381718846444E+08,  9.580176612288344E+07,  3.186663248166866E+07
2461435.500000000, A.D. 2027-Jan-30 00:00:00.0000, -2.793011138837783E+08,  9.401450131030306E+07,  3.180307433386960E+07
2461436.500000000, A.D. 2027-Jan-31 00:00:00.0000, -2.789534517301479E+08,  9.222364095194715E+07,  3.173830845695739E+07
2461437.500000000, A.D. 2027-Feb-01 00:00:00.0000, -2.785951013958456E+08,  9.042922069129215E+07,  3.167232625415808E+07
2461438.500000000, A.D. 2027-Feb-02 00:00:00.0000, -2.782259780122508E+08,  8.863127706878427E+07,  3.160511905079823E+07
2461439.500000000, A.D. 2027-Feb-03 00:00:00.0000, -2.778459958618822E+08,  8.682984754393964E+07,  3.153667809375157E+07
2461440.500000000, A.D. 2027-Feb-04 00:00:00.0000, -2.774550683702757E+08,  8.502497051801160E+07,  3.146699455089708E+07
2461441.500000000, A.D. 2027-Feb-05 00:00:00.0000, -2.770531080978956E+08,  8.321668535723786E+07,  3.139605951058950E+07
2461442.500000000, A.D. 2027-Feb-06 00:00:00.0000, -2.766400267320857E+08,  8.140503241668448E+07,  3.132386398114302E+07
2461443.500000000, A.D. 2027-Feb-07 00:00:00.0000, -2.762157350790699E+08,  7.959005306470205E+07,  3.125039889032973E+07
2461444.500000000, A.D. 2027-Feb-08 00:00:00.0000, -2.757801430560100E+08,  7.777178970800957E+07,  3.117565508489370E+07
2461445.500000000, A.D. 2027-Feb-09 00:00:00.0000, -2.753331596831306E+08,  7.595028581742333E+07,  3.109962333008212E+07
2461446.500000000, A.D. 2027-Feb-10 00:00:00.0000, -2.748746930759200E+08,  7.412558595424664E+07,  3.102229430919457E+07
2461447.500000000, A.D. 2027-Feb-11 00:00:00.0000, -2.744046504374186E+08,  7.229773579733859E+07,  3.094365862315232E+07
2461448.500000000, A.D. 2027-Feb-12 00:00:00.0000, -2.739229380506044E+08,  7.046678217087880E+07,  3.086370679008845E+07
2461449.500000000, A.D. 2027-Feb-13 00:00:00.0000, -2.734294612708886E+08,  6.863277307284670E+07,  3.078242924496082E+07
2461450.500000000, A.D. 2027-Feb-14 00:00:00.0000, -2.729241245187317E+08,  6.679575770423354E+07,  3.069981633918933E+07
2461451.500000000, A.D. 2027-Feb-15 00:00:00.0000, -2.724068312723948E+08,  6.495578649900597E+07,  3.061585834031919E+07
2461452.500000000, A.D. 2027-Feb-16 00:00:00.0000, -2.718774840608383E+08,  6.311291115484083E+07,  3.053054543171183E+07
2461453.500000000, A.D. 2027-Feb-17 00:00:00.0000, -2.713359844567828E+08,  6.126718466465042E+07,  3.044386771226564E+07
2461454.500000000, A.D. 2027-Feb-18 00:00:00.0000, -2.707822330699476E+08,  5.941866134891887E+07,  3.035581519616809E+07
2461455.500000000, A.D. 2027-Feb-19 00:00:00.0000, -2.702161295404823E+08,  5.756739688886970E+07,  3.026637781268159E+07
2461456.500000000, A.D. 2027-Feb-20 00:00:00.0000, -2.696375725326082E+08,  5.571344836048578E+07,  3.017554540596519E+07
2461457.500000000, A.D. 2027-Feb-21 00:00:00.0000, -2.690464597284880E+08,  5.385687426940320E+07,  3.008330773493419E+07
2461458.500000000, A.D. 2027-Feb-22 00:00:00.0000, -2.684426878223417E+08,  5.199773458670044E+07,  2.998965447316026E+07
2461459.500000000, A.D. 2027-Feb-23 00:00:00.0000, -2.678261525148287E+08,  5.013609078560551E+07,  2.989457520881451E+07
2461460.500000000, A.D. 2027-Feb-24 00:00:00.0000, -2.671967485077164E+08,  4.827200587914312E+07,  2.979805944465591E+07
2461461.500000000, A.D. 2027-Feb-25 00:00:00.0000, -2.665543694988592E+08,  4.640554445874567E+07,  2.970009659806812E+07
2461462.500000000, A.D. 2027-Feb-26 00:00:00.0000, -2.658989081775076E+08,  4.453677273385048E+07,  2.960067600114737E+07
2461463.500000000, A.D. 2027-Feb-27 00:00:00.0000, -2.652302562199751E+08,  4.266575857250804E+07,  2.949978690084444E+07
2461464.500000000, A.D. 2027-Feb-28 00:00:00.0000, -2.645483042856863E+08,  4.079257154302478E+07,  2.939741845916408E+07
2461465.500000000, A.D. 2027-Mar-01 00:00:00.0000, -2.638529420136341E+08,  3.891728295666526E+07,  2.929355975342476E+07
2461466.500000000, A.D. 2027-Mar-02 00:00:00.0000, -2.631440580192743E+08,  3.703996591143877E+07,  2.918819977658286E+07
2461467.500000000, A.D. 2027-Mar-03 00:00:00.0000, -2.624215398918876E+08,  3.516069533699542E+07,  2.908132743762416E+07
2461468.500000000, A.D. 2027-Mar-04 00:00:00.0000, -2.616852741924396E+08,  3.327954804065755E+07,  2.897293156202720E+07
2461469.500000000, A.D. 2027-Mar-05 00:00:00.0000, -2.609351464519730E+08,  3.139660275461238E+07,  2.886300089230202E+07
2461470.500000000, A.D. 2027-Mar-06 00:00:00.0000, -2.601710411705655E+08,  2.951194018429204E+07,  2.875152408860848E+07
2461471.500000000, A.D. 2027-Mar-07 00:00:00.0000, -2.593928418168912E+08,  2.762564305796767E+07,  2.863848972945888E+07
2461472.500000000, A.D. 2027-Mar-08 00:00:00.0000, -2.586004308284221E+08,  2.573779617758405E+07,  2.852388631250899E+07
2461473.500000000, A.D. 2027-Mar-09 00:00:00.0000, -2.577936896123116E+08,  2.384848647086206E+07,  2.840770225544266E+07
2461474.500000000, A.D. 2027-Mar-10 00:00:00.0000, -2.569724985470008E+08,  2.195780304469566E+07,  2.828992589695472E+07
2461475.500000000, A.D. 2027-Mar-11 00:00:00.0000, -2.561367369845928E+08,  2.006583723987084E+07,  2.817054549783770E+07
2461476.500000000, A.D. 2027-Mar-12 00:00:00.0000, -2.552862832540410E+08,  1.817268268713376E+07,  2.804954924217748E+07
2461477.500000000, A.D. 2027-Mar-13 00:00:00.0000, -2.544210146652006E+08,  1.627843536463520E+07,  2.792692523866396E+07
2461478.500000000, A.D. 2027-Mar-14 00:00:00.0000, -2.535408075137934E+08,  1.438319365677882E+07,  2.780266152202243E+07
2461479.500000000, A.D. 2027-Mar-15 00:00:00.0000, -2.526455370873415E+08,  1.248705841450001E+07,  2.767674605457195E+07
2461480.500000000, A.D. 2027-Mar-16 00:00:00.0000, -2.517350776721240E+08,  1.059013301700267E+07,  2.754916672791743E+07
2461481.500000000, A.D. 2027-Mar-17 00:00:00.0000, -2.508093025612162E+08,  8.692523434980221E+06,  2.741991136478196E+07
2461482.500000000, A.D. 2027-Mar-18 00:00:00.0000, -2.498680840636751E+08,  6.794338295347570E+06,  2.728896772098666E+07
2461483.500000000, A.D. 2027-Mar-19 00:00:00.0000, -2.489112935149321E+08,  4.895688947509725E+06,  2.715632348758538E+07
2461484.500000000, A.D. 2027-Mar-20 00:00:00.0000, -2.479388012884640E+08,  2.996689531192658E+06,  2.702196629316199E+07
2461485.500000000, A.D. 2027-Mar-21 00:00:00.0000, -2.469504768088117E+08,  1.097457045861136E+06,  2.688588370629843E+07
2461486.500000000, A.D. 2027-Mar-22 00:00:00.0000, -2.459461885660207E+08, -8.018885782523230E+05,  2.674806323822176E+07
2461487.500000000, A.D. 2027-Mar-23 00:00:00.0000, -2.449258041315816E+08, -2.701224407484204E+06,  2.660849234563908E+07
2461488.500000000, A.D. 2027-Mar-24 00:00:00.0000, -2.438891901759511E+08, -4.600424430420345E+06,  2.646715843376951E+07
2461489.500000000, A.D. 2027-Mar-25 00:00:00.0000, -2.428362124877399E+08, -6.499359481898393E+06,  2.632404885958252E+07
2461490.500000000, A.D. 2027-Mar-26 00:00:00.0000, -2.417667359946539E+08, -8.397897165313229E+06,  2.617915093525292E+07
2461491.500000000, A.D. 2027-Mar-27 00:00:00.0000, -2.406806247862833E+08, -1.029590177320650E+07,  2.603245193184227E+07
2461492.500000000, A.D. 2027-Mar-28 00:00:00.0000, -2.395777421388367E+08, -1.219323420612384E+07,  2.588393908321843E+07
2461493.500000000, A.D. 2027-Mar-29 00:00:00.0000, -2.384579505419180E+08, -1.408975188972501E+07,  2.573359959022271E+07
2461494.500000000, A.D. 2027-Mar-30 00:00:00.0000, -2.373211117274560E+08, -1.598530869013405E+07,  2.558142062509843E+07
2461495.500000000, A.D. 2027-Mar-31 00:00:00.0000, -2.361670867008949E+08, -1.787975482751866E+07,  2.542738933619148E+07
2461496.500000000, A.D. 2027-Apr-01 00:00:00.0000, -2.349957357747587E+08, -1.977293678789233E+07,  2.527149285293552E+07
2461497.500000000, A.D. 2027-Apr-02 00:00:00.0000, -2.338069186047115E+08, -2.166469723313170E+07,  2.511371829113568E+07
2461498.500000000, A.D. 2027-Apr-03 00:00:00.0000, -2.326004942282376E+08, -2.355487490920887E+07,  2.495405275856363E+07
2461499.500000000, A.D. 2027-Apr-04 00:00:00.0000, -2.313763211060702E+08, -2.544330455263954E+07,  2.479248336087827E+07
2461500.500000000, A.D. 2027-Apr-05 00:00:00.0000, -2.301342571665049E+08, -2.732981679515135E+07,  2.462899720788661E+07
2461501.500000000, A.D. 2027-Apr-06 00:00:00.0000, -2.288741598527368E+08, -2.921423806658208E+07,  2.446358142015997E+07
2461502.500000000, A.D. 2027-Apr-07 00:00:00.0000, -2.275958861733691E+08, -3.109639049602061E+07,  2.429622313602114E+07
2461503.500000000, A.D. 2027-Apr-08 00:00:00.0000, -2.262992927562427E+08, -3.297609181120902E+07,  2.412690951891861E+07
2461504.500000000, A.D. 2027-Apr-09 00:00:00.0000, -2.249842359057451E+08, -3.485315523622903E+07,  2.395562776520470E+07
2461505.500000000, A.D. 2027-Apr-10 00:00:00.0000, -2.236505716637616E+08, -3.672738938750175E+07,  2.378236511233482E+07
2461506.500000000, A.D. 2027-Apr-11 00:00:00.0000, -2.222981558744383E+08, -3.859859816813567E+07,  2.360710884750581E+07
2461507.500000000, A.D. 2027-Apr-12 00:00:00.0000, -2.209268442529312E+08, -4.046658066066483E+07,  2.342984631675166E+07
2461508.500000000, A.D. 2027-Apr-13 00:00:00.0000, -2.195364924583232E+08, -4.233113101822539E+07,  2.325056493451570E+07
2461509.500000000, A.D. 2027-Apr-14 00:00:00.0000, -2.181269561708965E+08, -4.419203835422735E+07,  2.306925219371881E+07
2461510.500000000, A.D. 2027-Apr-15 00:00:00.0000, -2.166980911739547E+08, -4.604908663058610E+07,  2.288589567634357E+07
2461511.500000000, A.D. 2027-Apr-16 00:00:00.0000, -2.152497534403926E+08, -4.790205454458696E+07,  2.270048306455529E+07
2461512.500000000, A.D. 2027-Apr-17 00:00:00.0000, -2.137817992242218E+08, -4.975071541446617E+07,  2.251300215238084E+07
2461513.500000000, A.D. 2027-Apr-18 00:00:00.0000, -2.122940851572632E+08, -5.159483706380146E+07,  2.232344085796703E+07
2461514.500000000, A.D. 2027-Apr-19 00:00:00.0000, -2.107864683512254E+08, -5.343418170481647E+07,  2.213178723644082E+07
2461515.500000000, A.D. 2027-Apr-20 00:00:00.0000, -2.092588065053923E+08, -5.526850582071505E+07,  2.193802949339394E+07
2461516.500000000, A.D. 2027-Apr-21 00:00:00.0000, -2.077109580201508E+08, -5.709756004717403E+07,  2.174215599901498E+07
2461517.500000000, A.D. 2027-Apr-22 00:00:00.0000, -2.061427821165950E+08, -5.892108905313618E+07,  2.154415530289261E+07
2461518.500000000, A.D. 2027-Apr-23 00:00:00.0000, -2.045541389624459E+08, -6.073883142106000E+07,  2.134401614951366E+07
2461519.500000000, A.D. 2027-Apr-24 00:00:00.0000, -2.029448898045350E+08, -6.255051952679706E+07,  2.114172749448048E+07
2461520.500000000, A.D. 2027-Apr-25 00:00:00.0000, -2.013148971081015E+08, -6.435587941928495E+07,  2.093727852147175E+07
2461521.500000000, A.D. 2027-Apr-26 00:00:00.0000, -1.996640247031596E+08, -6.615463070026006E+07,  2.073065865997188E+07
2461522.500000000, A.D. 2027-Apr-27 00:00:00.0000, -1.979921379381938E+08, -6.794648640421332E+07,  2.052185760379348E+07
2461523.500000000, A.D. 2027-Apr-28 00:00:00.0000, -1.962991038414448E+08, -6.973115287883078E+07,  2.031086533041788E+07
2461524.500000000, A.D. 2027-Apr-29 00:00:00.0000, -1.945847912900528E+08, -7.150832966618083E+07,  2.009767212117875E+07
2461525.500000000, A.D. 2027-Apr-30 00:00:00.0000, -1.928490711873233E+08, -7.327770938493314E+07,  1.988226858231354E+07
2461526.500000000, A.D. 2027-May-01 00:00:00.0000, -1.910918166483842E+08, -7.503897761391442E+07,  1.966464566690712E+07
2461527.500000000, A.D. 2027-May-02 00:00:00.0000, -1.893129031945034E+08, -7.679181277733156E+07,  1.944479469775192E+07
2461528.500000000, A.D. 2027-May-03 00:00:00.0000, -1.875122089563329E+08, -7.853588603201783E+07,  1.922270739114866E+07
2461529.500000000, A.D. 2027-May-04 00:00:00.0000, -1.856896148863466E+08, -8.027086115708277E+07,  1.899837588166999E+07
2461530.500000000, A.D. 2027-May-05 00:00:00.0000, -1.838450049807324E+08, -8.199639444637471E+07,  1.877179274791032E+07
2461531.500000000, A.D. 2027-May-06 00:00:00.0000, -1.819782665109971E+08, -8.371213460419364E+07,  1.854295103924257E+07
2461532.500000000, A.D. 2027-May-07 00:00:00.0000, -1.800892902655351E+08, -8.541772264472051E+07,  1.831184430360238E+07
2461533.500000000, A.D. 2027-May-08 00:00:00.0000, -1.781779708014036E+08, -8.711279179566234E+07,  1.807846661631865E+07
2461534.500000000, A.D. 2027-May-09 00:00:00.0000, -1.762442067065378E+08, -8.879696740664247E+07,  1.784281261000785E+07
2461535.500000000, A.D. 2027-May-10 00:00:00.0000, -1.742879008726279E+08, -9.046986686289945E+07,  1.760487750554747E+07
2461536.500000000, A.D. 2027-May-11 00:00:00.0000, -1.723089607788638E+08, -9.213109950489275E+07,  1.736465714414237E+07
2461537.500000000, A.D. 2027-May-12 00:00:00.0000, -1.703072987867389E+08, -9.378026655444789E+07,  1.712214802049481E+07
2461538.500000000, A.D. 2027-May-13 00:00:00.0000, -1.682828324460836E+08, -9.541696104811007E+07,  1.687734731708714E+07
2461539.500000000, A.D. 2027-May-14 00:00:00.0000, -1.662354848124772E+08, -9.704076777841260E+07,  1.663025293958219E+07
2461540.500000000, A.D. 2027-May-15 00:00:00.0000, -1.641651847761633E+08, -9.865126324380371E+07,  1.638086355334400E+07
2461541.500000000, A.D. 2027-May-16 00:00:00.0000, -1.620718674025621E+08, -1.002480156080134E+08,  1.612917862107714E+07
2461542.500000000, A.D. 2027-May-17 00:00:00.0000, -1.599554742844447E+08, -1.018305846696800E+08,  1.587519844157943E+07
2461543.500000000, A.D. 2027-May-18 00:00:00.0000, -1.578159539057976E+08, -1.033985218430960E+08,  1.561892418959786E+07
2461544.500000000, A.D. 2027-May-19 00:00:00.0000, -1.556532620173639E+08, -1.049513701509700E+08,  1.536035795677330E+07
2461545.500000000, A.D. 2027-May-20 00:00:00.0000, -1.534673620238087E+08, -1.064886642301386E+08,  1.509950279365319E+07
2461546.500000000, A.D. 2027-May-21 00:00:00.0000, -1.512582253824040E+08, -1.080099303512027E+08,  1.483636275274725E+07
2461547.500000000, A.D. 2027-May-22 00:00:00.0000, -1.490258320130784E+08, -1.095146864530964E+08,  1.457094293259352E+07
2461548.500000000, A.D. 2027-May-23 00:00:00.0000, -1.467701707196194E+08, -1.110024421936311E+08,  1.430324952279577E+07
2461549.500000000, A.D. 2027-May-24 00:00:00.0000, -1.444912396217518E+08, -1.124726990170945E+08,  1.403328984998638E+07
2461550.500000000, A.D. 2027-May-25 00:00:00.0000, -1.421890465977541E+08, -1.139249502400110E+08,  1.376107242466111E+07
2461551.500000000, A.D. 2027-May-26 00:00:00.0000, -1.398636097371938E+08, -1.153586811562006E+08,  1.348660698882264E+07
2461552.500000000, A.D. 2027-May-27 00:00:00.0000, -1.375149578032946E+08, -1.167733691622990E+08,  1.320990456436288E+07
2461553.500000000, A.D. 2027-May-28 00:00:00.0000, -1.351431307043573E+08, -1.181684839049217E+08,  1.293097750210301E+07
2461554.500000000, A.D. 2027-May-29 00:00:00.0000, -1.327481799735732E+08, -1.195434874506726E+08,  1.264983953140137E+07
2461555.500000000, A.D. 2027-May-30 00:00:00.0000, -1.303301692564720E+08, -1.208978344802106E+08,  1.236650581022836E+07
2461556.500000000, A.D. 2027-May-31 00:00:00.0000, -1.278891748051480E+08, -1.222309725075915E+08,  1.208099297559699E+07
2461557.500000000, A.D. 2027-Jun-01 00:00:00.0000, -1.254252859783051E+08, -1.235423421261068E+08,  1.179331919422623E+07
2461558.500000000, A.D. 2027-Jun-02 00:00:00.0000, -1.229386057460489E+08, -1.248313772818285E+08,  1.150350421330248E+07
2461559.500000000, A.D. 2027-Jun-03 00:00:00.0000, -1.204292511982438E+08, -1.260975055760594E+08,  1.121156941119235E+07
2461560.500000000, A.D. 2027-Jun-04 00:00:00.0000, -1.178973540551311E+08, -1.273401485978604E+08,  1.091753784794743E+07
2461561.500000000, A.D. 2027-Jun-05 00:00:00.0000, -1.153430611787842E+08, -1.285587222877952E+08,  1.062143431542888E+07
2461562.500000000, A.D. 2027-Jun-06 00:00:00.0000, -1.127665350838491E+08, -1.297526373339897E+08,  1.032328538686677E+07
2461563.500000000, A.D. 2027-Jun-07 00:00:00.0000, -1.101679544458923E+08, -1.309212996015459E+08,  1.002311946565555E+07
2461564.500000000, A.D. 2027-Jun-08 00:00:00.0000, -1.075475146055443E+08, -1.320641105962868E+08,  9.720966833174415E+06
2461565.500000000, A.D. 2027-Jun-09 00:00:00.0000, -1.049054280664983E+08, -1.331804679637283E+08,  9.416859695407607E+06
2461566.500000000, A.D. 2027-Jun-10 00:00:00.0000, -1.022419249852895E+08, -1.342697660240788E+08,  9.110832228127159E+06
2461567.500000000, A.D. 2027-Jun-11 00:00:00.0000, -9.955725365065163E+07, -1.353313963439655E+08,  8.802920620387875E+06
2461568.500000000, A.D. 2027-Jun-12 00:00:00.0000, -9.685168095011565E+07, -1.363647483454590E+08,  8.493163116071947E+06
2461569.500000000, A.D. 2027-Jun-13 00:00:00.0000, -9.412549282139386E+07, -1.373692099528356E+08,  8.181600053209297E+06
2461570.500000000, A.D. 2027-Jun-14 00:00:00.0000, -9.137899468597049E+07, -1.383441682773607E+08,  7.868273900789283E+06
2461571.500000000, A.D. 2027-Jun-15 00:00:00.0000, -8.861251186220613E+07, -1.392890103402109E+08,  7.553229292768590E+06
2461572.500000000, A.D. 2027-Jun-16 00:00:00.0000, -8.582638995516141E+07, -1.402031238334650E+08,  7.236513058973104E+06
2461573.500000000, A.D. 2027-Jun-17 00:00:00.0000, -8.302099522024667E+07, -1.410858979188966E+08,  6.918174252582811E+06
2461574.500000000, A.D. 2027-Jun-18 00:00:00.0000, -8.019671489772500E+07, -1.419367240640805E+08,  6.598264173883960E+06
2461575.500000000, A.D. 2027-Jun-19 00:00:00.0000, -7.735395751502678E+07, -1.427549969150971E+08,  6.276836389968567E+06
2461576.500000000, A.D. 2027-Jun-20 00:00:00.0000, -7.449315315378073E+07, -1.435401152048694E+08,  5.953946750059359E+06
2461577.500000000, A.D. 2027-Jun-21 00:00:00.0000, -7.161475367843397E+07, -1.442914826959087E+08,  5.629653396138571E+06
2461578.500000000, A.D. 2027-Jun-22 00:00:00.0000, -6.871923292331921E+07, -1.450085091559701E+08,  5.304016768561549E+06
2461579.500000000, A.D. 2027-Jun-23 00:00:00.0000, -6.580708683503684E+07, -1.456906113648372E+08,  4.977099606341742E+06
2461580.500000000, A.D. 2027-Jun-24 00:00:00.0000, -6.287883356705142E+07, -1.463372141501589E+08,  4.648966941800892E+06
2461581.500000000, A.D. 2027-Jun-25 00:00:00.0000, -5.993501352346300E+07, -1.469477514499640E+08,  4.319686089290462E+06
2461582.500000000, A.D. 2027-Jun-26 00:00:00.0000, -5.697618934900064E+07, -1.475216673991699E+08,  3.989326627703063E+06
2461583.500000000, A.D. 2027-Jun-27 00:00:00.0000, -5.400294586240104E+07, -1.480584174370973E+08,  3.657960376511157E+06
2461584.500000000, A.D. 2027-Jun-28 00:00:00.0000, -5.101588993048494E+07, -1.485574694326935E+08,  3.325661365090333E+06
2461585.500000000, A.D. 2027-Jun-29 00:00:00.0000, -4.801565028042158E+07, -1.490183048238646E+08,  2.992505795108669E+06
2461586.500000000, A.D. 2027-Jun-30 00:00:00.0000, -4.500287724788448E+07, -1.494404197670206E+08,  2.658571995791286E+06
2461587.500000000, A.D. 2027-Jul-01 00:00:00.0000, -4.197824245904618E+07, -1.498233262926548E+08,  2.323940371900305E+06
2461588.500000000, A.D. 2027-Jul-02 00:00:00.0000, -3.894243844463672E+07, -1.501665534625054E+08,  1.988693344304010E+06
2461589.500000000, A.D. 2027-Jul-03 00:00:00.0000, -3.589617818460142E+07, -1.504696485236017E+08,  1.652915283047266E+06
2461590.500000000, A.D. 2027-Jul-04 00:00:00.0000, -3.284019458223323E+07, -1.507321780542631E+08,  1.316692432875209E+06
2461591.500000000, A.D. 2027-Jul-05 00:00:00.0000, -2.977523986702644E+07, -1.509537290969255E+08,  9.801128312059268E+05
2461592.500000000, A.D. 2027-Jul-06 00:00:00.0000, -2.670208492589636E+07, -1.511339102724922E+08,  6.432662185932696E+05
2461593.500000000, A.D. 2027-Jul-07 00:00:00.0000, -2.362151856283301E+07, -1.512723528707782E+08,  3.062439417693987E+05
2461594.500000000, A.D. 2027-Jul-08 00:00:00.0000, -2.053434668750232E+07, -1.513687119115147E+08, -3.086115059337765E+04
2461595.500000000, A.D. 2027-Jul-09 00:00:00.0000, -1.744139143377146E+07, -1.514226671703287E+08, -3.679548192112371E+05
2461596.500000000, A.D. 2027-Jul-10 00:00:00.0000, -1.434349020961346E+07, -1.514339241641016E+08, -7.049415523651391E+05
2461597.500000000, A.D. 2027-Jul-11 00:00:00.0000, -1.124149468033363E+07, -1.514022150901470E+08, -1.041724690629251E+06
2461598.500000000, A.D. 2027-Jul-12 00:00:00.0000, -8.136269687550963E+06, -1.513272997137340E+08, -1.378206557804927E+06
2461599.500000000, A.D. 2027-Jul-13 00:00:00.0000, -5.028692106862669E+06, -1.512089661986209E+08, -1.714288597660638E+06
2461600.500000000, A.D. 2027-Jul-14 00:00:00.0000, -1.919649647601383E+06, -1.510470318754498E+08, -2.049871516029879E+06
2461601.500000000, A.D. 2027-Jul-15 00:00:00.0000,  1.189960401429771E+06, -1.508413439430939E+08, -2.384855427770108E+06
2461602.500000000, A.D. 2027-Jul-16 00:00:00.0000,  4.299232475904716E+06, -1.505917800983386E+08, -2.719140008041531E+06
2461603.500000000, A.D. 2027-Jul-17 00:00:00.0000,  7.407254084831283E+06, -1.502982490896186E+08, -3.052624647321850E+06
2461604.500000000, A.D. 2027-Jul-18 00:00:00.0000,  1.051310719914678E+07, -1.499606911909174E+08, -3.385208609536335E+06
2461605.500000000, A.D. 2027-Jul-19 00:00:00.0000,  1.361586967450920E+07, -1.495790785923693E+08, -3.716791192648120E+06
2461606.500000000, A.D. 2027-Jul-20 00:00:00.0000,  1.671461670241764E+07, -1.491534157045729E+08, -4.047271891025871E+06
2461607.500000000, A.D. 2027-Jul-21 00:00:00.0000,  1.980842228351242E+07, -1.486837393741342E+08, -4.376550558883026E+06
2461608.500000000, A.D. 2027-Jul-22 00:00:00.0000,  2.289636071667334E+07, -1.481701190084925E+08, -4.704527574065305E+06
2461609.500000000, A.D. 2027-Jul-23 00:00:00.0000,  2.597750809735464E+07, -1.476126566086504E+08, -5.031104001452513E+06
2461610.500000000, A.D. 2027-Jul-24 00:00:00.0000,  2.905094381847131E+07, -1.470114867090068E+08, -5.356181755236126E+06
2461611.500000000, A.D. 2027-Jul-25 00:00:00.0000,  3.211575206708575E+07, -1.463667762240907E+08, -5.679663759335503E+06
2461612.500000000, A.D. 2027-Jul-26 00:00:00.0000,  3.517102331013665E+07, -1.456787242025923E+08, -6.001454105224632E+06
2461613.500000000, A.D. 2027-Jul-27 00:00:00.0000,  3.821585576250549E+07, -1.449475614896914E+08, -6.321458206455819E+06
2461614.500000000, A.D. 2027-Jul-28 00:00:00.0000,  4.124935683082765E+07, -1.441735502992717E+08, -6.639582949187897E+06
2461615.500000000, A.D. 2027-Jul-29 00:00:00.0000,  4.427064452662639E+07, -1.433569836981911E+08, -6.955736838054232E+06
2461616.500000000, A.D. 2027-Jul-30 00:00:00.0000,  4.727884884257340E+07, -1.424981850053332E+08, -7.269830136738449E+06
2461617.500000000, A.D. 2027-Jul-31 00:00:00.0000,  5.027311308595929E+07, -1.415975071086936E+08, -7.581775002664477E+06
2461618.500000000, A.D. 2027-Aug-01 00:00:00.0000,  5.325259516378639E+07, -1.406553317042530E+08, -7.891485615250714E+06
2461619.500000000, A.D. 2027-Aug-02 00:00:00.0000,  5.621646881426909E+07, -1.396720684608438E+08, -8.198878297226094E+06
2461620.500000000, A.D. 2027-Aug-03 00:00:00.0000,  5.916392477994183E+07, -1.386481541156333E+08, -8.503871628556266E+06
2461621.500000000, A.D. 2027-Aug-04 00:00:00.0000,  6.209417191802232E+07, -1.375840515052126E+08, -8.806386552583538E+06
2461622.500000000, A.D. 2027-Aug-05 00:00:00.0000,  6.500643824415641E+07, -1.364802485375969E+08, -9.106346474040046E+06
2461623.500000000, A.D. 2027-Aug-06 00:00:00.0000,  6.789997190616991E+07, -1.353372571107094E+08, -9.403677348652773E+06
2461624.500000000, A.D. 2027-Aug-07 00:00:00.0000,  7.077404208497176E+07, -1.341556119831259E+08, -9.698307764117599E+06
2461625.500000000, A.D. 2027-Aug-08 00:00:00.0000,  7.362793982027821E+07, -1.329358696030202E+08, -9.990169012279756E+06
2461626.500000000, A.D. 2027-Aug-09 00:00:00.0000,  7.646097875936201E+07, -1.316786069013413E+08, -1.027919515241734E+07
2461627.500000000, A.D. 2027-Aug-10 00:00:00.0000,  7.927249582755834E+07, -1.303844200553073E+08, -1.056532306558179E+07
2461628.500000000, A.D. 2027-Aug-11 00:00:00.0000,  8.206185181978324E+07, -1.290539232282883E+08, -1.084849250000699E+07
2461629.500000000, A.D. 2027-Aug-12 00:00:00.0000,  8.482843191282916E+07, -1.276877472920978E+08, -1.112864610765155E+07
2461630.500000000, A.D. 2027-Aug-13 00:00:00.0000,  8.757164609869382E+07, -1.262865385376035E+08, -1.140572947199167E+07
2461631.500000000, A.D. 2027-Aug-14 00:00:00.0000,  9.029092953966738E+07, -1.248509573794225E+08, -1.167969112722906E+07
2461632.500000000, A.D. 2027-Aug-15 00:00:00.0000,  9.298574284634688E+07, -1.233816770602722E+08, -1.195048256912406E+07
2461633.500000000, A.D. 2027-Aug-16 00:00:00.0000,  9.565557228015706E+07, -1.218793823603256E+08, -1.221805825770453E+07
2461634.500000000, A.D. 2027-Aug-17 00:00:00.0000,  9.829992988234045E+07, -1.203447683166572E+08, -1.248237561213837E+07
2461635.500000000, A.D. 2027-Aug-18 00:00:00.0000,  1.009183535317205E+08, -1.187785389575810E+08, -1.274339499808980E+07
2461636.500000000, A.D. 2027-Aug-19 00:00:00.0000,  1.035104069338541E+08, -1.171814060563721E+08, -1.300107970790832E+07
2461637.500000000, A.D. 2027-Aug-20 00:00:00.0000,  1.060756795444582E+08, -1.155540879085348E+08, -1.325539593402308E+07
2461638.500000000, A.D. 2027-Aug-21 00:00:00.0000,  1.086137864302299E+08, -1.138973081364367E+08, -1.350631273593528E+07
2461639.500000000, A.D. 2027-Aug-22 00:00:00.0000,  1.111243680703736E+08, -1.122117945247791E+08, -1.375380200121699E+07
2461640.500000000, A.D. 2027-Aug-23 00:00:00.0000,  1.136070901023065E+08, -1.104982778900142E+08, -1.399783840093663E+07
2461641.500000000, A.D. 2027-Aug-24 00:00:00.0000,  1.160616430151380E+08, -1.087574909864619E+08, -1.423839933993909E+07
2461642.500000000, A.D. 2027-Aug-25 00:00:00.0000,  1.184877417945981E+08, -1.069901674515246E+08, -1.447546490241265E+07
2461643.500000000, A.D. 2027-Aug-26 00:00:00.0000,  1.208851255231533E+08, -1.051970407920444E+08, -1.470901779317683E+07
2461644.500000000, A.D. 2027-Aug-27 00:00:00.0000,  1.232535569390612E+08, -1.033788434135095E+08, -1.493904327512176E+07
2461645.500000000, A.D. 2027-Aug-28 00:00:00.0000,  1.255928219581143E+08, -1.015363056934823E+08, -1.516552910322645E+07
2461646.500000000, A.D. 2027-Aug-29 00:00:00.0000,  1.279027291617888E+08, -9.967015510030735E+07, -1.538846545557457E+07
2461647.500000000, A.D. 2027-Aug-30 00:00:00.0000,  1.301831092554569E+08, -9.778111535785440E+07, -1.560784486177756E+07
2461648.500000000, A.D. 2027-Aug-31 00:00:00.0000,  1.324338145002419E+08, -9.586990565676683E+07, -1.582366212920243E+07
2461649.500000000, A.D. 2027-Sep-01 00:00:00.0000,  1.346547181220013E+08, -9.393723991241895E+07, -1.603591426738852E+07
2461650.500000000, A.D. 2027-Sep-02 00:00:00.0000,  1.368457137008046E+08, -9.198382606953740E+07, -1.624460041102174E+07
2461651.500000000, A.D. 2027-Sep-03 00:00:00.0000,  1.390067145441492E+08, -9.001036545321268E+07, -1.644972174181846E+07
2461652.500000000, A.D. 2027-Sep-04 00:00:00.0000,  1.411376530470159E+08, -8.801755216581695E+07, -1.665128140965335E+07
2461653.500000000, A.D. 2027-Sep-05 00:00:00.0000,  1.432384800417179E+08, -8.600607252915455E+07, -1.684928445324628E+07
2461654.500000000, A.D. 2027-Sep-06 00:00:00.0000,  1.453091641403390E+08, -8.397660457100083E+07, -1.704373772070523E+07
2461655.500000000, A.D. 2027-Sep-07 00:00:00.0000,  1.473496910723991E+08, -8.192981755503306E+07, -1.723464979019962E+07
2461656.500000000, A.D. 2027-Sep-08 00:00:00.0000,  1.493600630202137E+08, -7.986637155302452E+07, -1.742203089102178E+07
2461657.500000000, A.D. 2027-Sep-09 00:00:00.0000,  1.513402979542530E+08, -7.778691705805762E+07, -1.760589282527053E+07
2461658.500000000, A.D. 2027-Sep-10 00:00:00.0000,  1.532904289706326E+08, -7.569209463741355E+07, -1.778624889037281E+07
2461659.500000000, A.D. 2027-Sep-11 00:00:00.0000,  1.552105036327047E+08, -7.358253462371567E+07, -1.796311380263885E+07
2461660.500000000, A.D. 2027-Sep-12 00:00:00.0000,  1.571005833185508E+08, -7.145885684283690E+07, -1.813650362202583E+07
2461661.500000000, A.D. 2027-Sep-13 00:00:00.0000,  1.589607425760165E+08, -6.932167037703027E+07, -1.830643567826799E+07
2461662.500000000, A.D. 2027-Sep-14 00:00:00.0000,  1.607910684867704E+08, -6.717157336170527E+07, -1.847292849851064E+07
2461663.500000000, A.D. 2027-Sep-15 00:00:00.0000,  1.625916600407163E+08, -6.500915281424592E+07, -1.863600173656973E+07
2461664.500000000, A.D. 2027-Sep-16 00:00:00.0000,  1.643626275219403E+08, -6.283498449325470E+07, -1.879567610392113E+07
2461665.500000000, A.D. 2027-Sep-17 00:00:00.0000,  1.661040919072338E+08, -6.064963278660218E+07, -1.895197330250794E+07
2461666.500000000, A.D. 2027-Sep-18 00:00:00.0000,  1.678161842780986E+08, -5.845365062667021E+07, -1.910491595943992E+07
2461667.500000000, A.D. 2027-Sep-19 00:00:00.0000,  1.694990452470114E+08, -5.624757943119055E+07, -1.925452756364428E+07
2461668.500000000, A.D. 2027-Sep-20 00:00:00.0000,  1.711528243986081E+08, -5.403194906810430E+07, -1.940083240451523E+07
2461669.500000000, A.D. 2027-Sep-21 00:00:00.0000,  1.727776797463309E+08, -5.180727784289642E+07, -1.954385551259683E+07
2461670.500000000, A.D. 2027-Sep-22 00:00:00.0000,  1.743737772049799E+08, -4.957407250689518E+07, -1.968362260232301E+07
2461671.500000000, A.D. 2027-Sep-23 00:00:00.0000,  1.759412900795079E+08, -4.733282828506552E+07, -1.982016001682870E+07
2461672.500000000, A.D. 2027-Sep-24 00:00:00.0000,  1.774803985703129E+08, -4.508402892187016E+07, -1.995349467483637E+07
2461673.500000000, A.D. 2027-Sep-25 00:00:00.0000,  1.789912892951908E+08, -4.282814674381921E+07, -2.008365401961427E+07
2461674.500000000, A.D. 2027-Sep-26 00:00:00.0000,  1.804741548280424E+08, -4.056564273737918E+07, -2.021066596999515E+07
2461675.500000000, A.D. 2027-Sep-27 00:00:00.0000,  1.819291932543514E+08, -3.829696664096437E+07, -2.033455887343703E+07
2461676.500000000, A.D. 2027-Sep-28 00:00:00.0000,  1.833566077433937E+08, -3.602255704978745E+07, -2.045536146110225E+07
2461677.500000000, A.D. 2027-Sep-29 00:00:00.0000,  1.847566061370743E+08, -3.374284153240023E+07, -2.057310280492518E+07
2461678.500000000, A.D. 2027-Sep-30 00:00:00.0000,  1.861294005552423E+08, -3.145823675781105E+07, -2.068781227663461E+07
2461679.500000000, A.D. 2027-Oct-01 00:00:00.0000,  1.874752070172853E+08, -2.916914863212050E+07, -2.079951950869267E+07
2461680.500000000, A.D. 2027-Oct-02 00:00:00.0000,  1.887942450797666E+08, -2.687597244367173E+07, -2.090825435710860E+07
2461681.500000000, A.D. 2027-Oct-03 00:00:00.0000,  1.900867374898308E+08, -2.457909301576664E+07, -2.101404686608305E+07
2461682.500000000, A.D. 2027-Oct-04 00:00:00.0000,  1.913529098540738E+08, -2.227888486605239E+07, -2.111692723443559E+07
2461683.500000000, A.D. 2027-Oct-05 00:00:00.0000,  1.925929903225483E+08, -1.997571237173542E+07, -2.121692578376658E+07
2461684.500000000, A.D. 2027-Oct-06 00:00:00.0000,  1.938072092875504E+08, -1.766992993983164E+07, -2.131407292830275E+07
2461685.500000000, A.D. 2027-Oct-07 00:00:00.0000,  1.949957990968157E+08, -1.536188218171085E+07, -2.140839914637449E+07
2461686.500000000, A.D. 2027-Oct-08 00:00:00.0000,  1.961589937807402E+08, -1.305190409124240E+07, -2.149993495347232E+07
2461687.500000000, A.D. 2027-Oct-09 00:00:00.0000,  1.972970287932238E+08, -1.074032122589536E+07, -2.158871087682889E+07
2461688.500000000, A.D. 2027-Oct-10 00:00:00.0000,  1.984101407657308E+08, -8.427449890191503E+06, -2.167475743147326E+07
2461689.500000000, A.D. 2027-Oct-11 00:00:00.0000,  1.994985672741516E+08, -6.113597320952736E+06, -2.175810509770346E+07
2461690.500000000, A.D. 2027-Oct-12 00:00:00.0000,  2.005625466180454E+08, -3.799061873825527E+06, -2.183878429992399E+07
2461691.500000000, A.D. 2027-Oct-13 00:00:00.0000,  2.016023176118443E+08, -1.484133210604751E+06, -2.191682538679521E+07
2461692.500000000, A.D. 2027-Oct-14 00:00:00.0000,  2.026181193875956E+08,  8.309075130834710E+05, -2.199225861264185E+07
2461693.500000000, A.D. 2027-Oct-15 00:00:00.0000,  2.036101912088229E+08,  3.145787460144390E+06, -2.206511412006899E+07
2461694.500000000, A.D. 2027-Oct-16 00:00:00.0000,  2.045787722950885E+08,  5.460241924793412E+06, -2.213542192373441E+07
2461695.500000000, A.D. 2027-Oct-17 00:00:00.0000,  2.055241016568455E+08,  7.774014146089586E+06, -2.220321189522741E+07
2461696.500000000, A.D. 2027-Oct-18 00:00:00.0000,  2.064464179401698E+08,  1.008685512253215E+07, -2.226851374900499E+07
2461697.500000000, A.D. 2027-Oct-19 00:00:00.0000,  2.073459592809751E+08,  1.239852342799965E+07, -2.233135702933770E+07
2461698.500000000, A.D. 2027-Oct-20 00:00:00.0000,  2.082229631683144E+08,  1.470878502928443E+07, -2.239177109821869E+07
2461699.500000000, A.D. 2027-Oct-21 00:00:00.0000,  2.090776663163848E+08,  1.701741310544979E+07, -2.244978512419047E+07
2461700.500000000, A.D. 2027-Oct-22 00:00:00.0000,  2.099103045448584E+08,  1.932418786921349E+07, -2.250542807204571E+07
2461701.500000000, A.D. 2027-Oct-23 00:00:00.0000,  2.107211126671739E+08,  2.162889639053887E+07, -2.255872869335911E+07
2461702.500000000, A.D. 2027-Oct-24 00:00:00.0000,  2.115103243864281E+08,  2.393133242259441E+07, -2.260971551780946E+07
2461703.500000000, A.D. 2027-Oct-25 00:00:00.0000,  2.122781721985241E+08,  2.623129623022286E+07, -2.265841684525177E+07
2461704.500000000, A.D. 2027-Oct-26 00:00:00.0000,  2.130248873022344E+08,  2.852859442104348E+07, -2.270486073850108E+07
2461705.500000000, A.D. 2027-Oct-27 00:00:00.0000,  2.137506995158567E+08,  3.082303977929395E+07, -2.274907501679078E+07
2461706.500000000, A.D. 2027-Oct-28 00:00:00.0000,  2.144558372001410E+08,  3.311445110250323E+07, -2.279108724986978E+07
2461707.500000000, A.D. 2027-Oct-29 00:00:00.0000,  2.151405271871860E+08,  3.540265304107219E+07, -2.283092475270402E+07
2461708.500000000, A.D. 2027-Oct-30 00:00:00.0000,  2.158049947150079E+08,  3.768747594082598E+07, -2.286861458074945E+07
2461709.500000000, A.D. 2027-Oct-31 00:00:00.0000,  2.164494633674968E+08,  3.996875568858932E+07, -2.290418352576458E+07
2461710.500000000, A.D. 2027-Nov-01 00:00:00.0000,  2.170741550194868E+08,  4.224633356082540E+07, -2.293765811213237E+07
2461711.500000000, A.D. 2027-Nov-02 00:00:00.0000,  2.176792897866756E+08,  4.452005607536814E+07, -2.296906459366225E+07
2461712.500000000, A.D. 2027-Nov-03 00:00:00.0000,  2.182650859801408E+08,  4.678977484626870E+07, -2.299842895084443E+07
2461713.500000000, A.D. 2027-Nov-04 00:00:00.0000,  2.188317600652090E+08,  4.905534644176789E+07, -2.302577688852984E+07
2461714.500000000, A.D. 2027-Nov-05 00:00:00.0000,  2.193795266244428E+08,  5.131663224539898E+07, -2.305113383401032E+07
2461715.500000000, A.D. 2027-Nov-06 00:00:00.0000,  2.199085983245246E+08,  5.357349832021740E+07, -2.307452493547470E+07
2461716.500000000, A.D. 2027-Nov-07 00:00:00.0000,  2.204191858868198E+08,  5.582581527614826E+07, -2.309597506081768E+07
2461717.500000000, A.D. 2027-Nov-08 00:00:00.0000,  2.209114980614163E+08,  5.807345814043581E+07, -2.311550879677935E+07
2461718.500000000, A.D. 2027-Nov-09 00:00:00.0000,  2.213857416044427E+08,  6.031630623117448E+07, -2.313315044839450E+07
2461719.500000000, A.D. 2027-Nov-10 00:00:00.0000,  2.218421212584779E+08,  6.255424303389568E+07, -2.314892403873153E+07
2461720.500000000, A.D. 2027-Nov-11 00:00:00.0000,  2.222808397358740E+08,  6.478715608118090E+07, -2.316285330890210E+07
2461721.500000000, A.D. 2027-Nov-12 00:00:00.0000,  2.227020977048196E+08,  6.701493683526736E+07, -2.317496171832335E+07
2461722.500000000, A.D. 2027-Nov-13 00:00:00.0000,  2.231060937779826E+08,  6.923748057360953E+07, -2.318527244521563E+07
2461723.500000000, A.D. 2027-Nov-14 00:00:00.0000,  2.234930245035746E+08,  7.145468627735631E+07, -2.319380838731937E+07
2461724.500000000, A.D. 2027-Nov-15 00:00:00.0000,  2.238630843586918E+08,  7.366645652270189E+07, -2.320059216281570E+07
2461725.500000000, A.D. 2027-Nov-16 00:00:00.0000,  2.242164657447884E+08,  7.587269737506525E+07, -2.320564611143606E+07
2461726.500000000, A.D. 2027-Nov-17 00:00:00.0000,  2.245533589851508E+08,  7.807331828605191E+07, -2.320899229574721E+07
2461727.500000000, A.D. 2027-Nov-18 00:00:00.0000,  2.248739523242432E+08,  8.026823199314958E+07, -2.321065250259818E+07
2461728.500000000, A.D. 2027-Nov-19 00:00:00.0000,  2.251784319288047E+08,  8.245735442210807E+07, -2.321064824471689E+07
2461729.500000000, A.D. 2027-Nov-20 00:00:00.0000,  2.254669818905815E+08,  8.464060459195283E+07, -2.320900076244473E+07
2461730.500000000, A.D. 2027-Nov-21 00:00:00.0000,  2.257397842305864E+08,  8.681790452258053E+07, -2.320573102559793E+07
2461731.500000000, A.D. 2027-Nov-22 00:00:00.0000,  2.259970189047796E+08,  8.898917914488417E+07, -2.320085973544530E+07
2461732.500000000, A.D. 2027-Nov-23 00:00:00.0000,  2.262388638110744E+08,  9.115435621335489E+07, -2.319440732679221E+07
2461733.500000000, A.D. 2027-Nov-24 00:00:00.0000,  2.264654947975734E+08,  9.331336622110753E+07, -2.318639397016188E+07
2461734.500000000, A.D. 2027-Nov-25 00:00:00.0000,  2.266770856719467E+08,  9.546614231727646E+07, -2.317683957406478E+07
2461735.500000000, A.D. 2027-Nov-26 00:00:00.0000,  2.268738082118685E+08,  9.761262022672814E+07, -2.316576378734810E+07
2461736.500000000, A.D. 2027-Nov-27 00:00:00.0000,  2.270558321764334E+08,  9.975273817203718E+07, -2.315318600161729E+07
2461737.500000000, A.D. 2027-Nov-28 00:00:00.0000,  2.272233253184757E+08,  1.018864367976730E+08, -2.313912535372252E+07
2461738.500000000, A.D. 2027-Nov-29 00:00:00.0000,  2.273764533977226E+08,  1.040136590963439E+08, -2.312360072830295E+07
2461739.500000000, A.D. 2027-Nov-30 00:00:00.0000,  2.275153801947131E+08,  1.061343503374464E+08, -2.310663076038241E+07
2461740.500000000, A.D. 2027-Dec-01 00:00:00.0000,  2.276402675254192E+08,  1.082484579975676E+08, -2.308823383801043E+07
2461741.500000000, A.D. 2027-Dec-02 00:00:00.0000,  2.277512752565103E+08,  1.103559316929896E+08, -2.306842810494279E+07
2461742.500000000, A.D. 2027-Dec-03 00:00:00.0000,  2.278485613212033E+08,  1.124567231141447E+08, -2.304723146335631E+07
2461743.500000000, A.D. 2027-Dec-04 00:00:00.0000,  2.279322817356454E+08,  1.145507859619715E+08, -2.302466157659266E+07
2461744.500000000, A.D. 2027-Dec-05 00:00:00.0000,  2.280025906157801E+08,  1.166380758861227E+08, -2.300073587192679E+07
2461745.500000000, A.D. 2027-Dec-06 00:00:00.0000,  2.280596401946482E+08,  1.187185504249750E+08, -2.297547154335535E+07
2461746.500000000, A.D. 2027-Dec-07 00:00:00.0000,  2.281035808400791E+08,  1.207921689473951E+08, -2.294888555440088E+07
2461747.500000000, A.D. 2027-Dec-08 00:00:00.0000,  2.281345610727308E+08,  1.228588925962124E+08, -2.292099464092829E+07
2461748.500000000, A.D. 2027-Dec-09 00:00:00.0000,  2.281527275844394E+08,  1.249186842333542E+08, -2.289181531396957E+07
2461749.500000000, A.D. 2027-Dec-10 00:00:00.0000,  2.281582252568403E+08,  1.269715083865972E+08, -2.286136386255377E+07
2461750.500000000, A.D. 2027-Dec-11 00:00:00.0000,  2.281511971802259E+08,  1.290173311978907E+08, -2.282965635653887E+07
2461751.500000000, A.D. 2027-Dec-12 00:00:00.0000,  2.281317846726085E+08,  1.310561203732090E+08, -2.279670864944284E+07
2461752.500000000, A.D. 2027-Dec-13 00:00:00.0000,  2.281001272989564E+08,  1.330878451338888E+08, -2.276253638127088E+07
2461753.500000000, A.D. 2027-Dec-14 00:00:00.0000,  2.280563628905739E+08,  1.351124761694120E+08, -2.272715498133685E+07
2461754.500000000, A.D. 2027-Dec-15 00:00:00.0000,  2.280006275646001E+08,  1.371299855915910E+08, -2.269057967107596E+07
2461755.500000000, A.D. 2027-Dec-16 00:00:00.0000,  2.279330557435994E+08,  1.391403468901189E+08, -2.265282546684700E+07
2461756.500000000, A.D. 2027-Dec-17 00:00:00.0000,  2.278537801752204E+08,  1.411435348894432E+08, -2.261390718272208E+07
2461757.500000000, A.D. 2027-Dec-18 00:00:00.0000,  2.277629319519018E+08,  1.431395257069274E+08, -2.257383943326174E+07
2461758.500000000, A.D. 2027-Dec-19 00:00:00.0000,  2.276606405306040E+08,  1.451282967122626E+08, -2.253263663627421E+07
2461759.500000000, A.D. 2027-Dec-20 00:00:00.0000,  2.275470337525472E+08,  1.471098264880920E+08, -2.249031301555686E+07
2461760.500000000, A.D. 2027-Dec-21 00:00:00.0000,  2.274222378629377E+08,  1.490840947918145E+08, -2.244688260361862E+07
2461761.500000000, A.D. 2027-Dec-22 00:00:00.0000,  2.272863775306666E+08,  1.510510825185326E+08, -2.240235924438208E+07
2461762.500000000, A.D. 2027-Dec-23 00:00:00.0000,  2.271395758679643E+08,  1.530107716651109E+08, -2.235675659586404E+07
2461763.500000000, A.D. 2027-Dec-24 00:00:00.0000,  2.269819544499971E+08,  1.549631452953126E+08, -2.231008813283326E+07
2461764.500000000, A.D. 2027-Dec-25 00:00:00.0000,  2.268136333343916E+08,  1.569081875059828E+08, -2.226236714944489E+07
2461765.500000000, A.D. 2027-Dec-26 00:00:00.0000,  2.266347310806757E+08,  1.588458833942472E+08, -2.221360676185013E+07
2461766.500000000, A.D. 2027-Dec-27 00:00:00.0000,  2.264453647696230E+08,  1.607762190256966E+08, -2.216381991078071E+07
2461767.500000000, A.D. 2027-Dec-28 00:00:00.0000,  2.262456500224922E+08,  1.626991814035274E+08, -2.211301936410739E+07
2461768.500000000, A.D. 2027-Dec-29 00:00:00.0000,  2.260357010201494E+08,  1.646147584386103E+08, -2.206121771937172E+07
2461769.500000000, A.D. 2027-Dec-30 00:00:00.0000,  2.258156305220658E+08,  1.665229389204591E+08, -2.200842740629060E+07
2461770.500000000, A.D. 2027-Dec-31 00:00:00.0000,  2.255855498851821E+08,  1.684237124890733E+08, -2.195466068923336E+07
2461771.500000000, A.D. 2028-Jan-01 00:00:00.0000,  2.253455690826317E+08,  1.703170696076276E+08, -2.189992966967028E+07
2461772.500000000, A.D. 2028-Jan-02 00:00:00.0000,  2.250957967223161E+08,  1.722030015359834E+08, -2.184424628859299E+07
2461773.500000000, A.D. 2028-Jan-03 00:00:00.0000,  2.248363400653266E+08,  1.740815003049974E+08, -2.178762232890587E+07
2461774.500000000, A.D. 2028-Jan-04 00:00:00.0000,  2.245673050442054E+08,  1.759525586916046E+08, -2.173006941778842E+07
2461775.500000000, A.D. 2028-Jan-05 00:00:00.0000,  2.242887962810420E+08,  1.778161701946497E+08, -2.167159902902821E+07
2461776.500000000, A.D. 2028-Jan-06 00:00:00.0000,  2.240009171053998E+08,  1.796723290114472E+08, -2.161222248532464E+07
2461777.500000000, A.D. 2028-Jan-07 00:00:00.0000,  2.237037695720684E+08,  1.815210300150467E+08, -2.155195096056281E+07
2461778.500000000, A.D. 2028-Jan-08 00:00:00.0000,  2.233974544786388E+08,  1.833622687321821E+08, -2.149079548205785E+07
2461779.500000000, A.D. 2028-Jan-09 00:00:00.0000,  2.230820713828972E+08,  1.851960413218851E+08, -2.142876693276960E+07
2461780.500000000, A.D. 2028-Jan-10 00:00:00.0000,  2.227577186200347E+08,  1.870223445547414E+08, -2.136587605348743E+07
2461781.500000000, A.D. 2028-Jan-11 00:00:00.0000,  2.224244933196708E+08,  1.888411757927710E+08, -2.130213344498537E+07
2461782.500000000, A.D. 2028-Jan-12 00:00:00.0000,  2.220824914226879E+08,  1.906525329699145E+08, -2.123754957014753E+07
2461783.500000000, A.D. 2028-Jan-13 00:00:00.0000,  2.217318076978758E+08,  1.924564145731048E+08, -2.117213475606409E+07
2461784.500000000, A.D. 2028-Jan-14 00:00:00.0000,  2.213725357583832E+08,  1.942528196239085E+08, -2.110589919609755E+07
2461785.500000000, A.D. 2028-Jan-15 00:00:00.0000,  2.210047680779762E+08,  1.960417476607189E+08, -2.103885295191962E+07
2461786.500000000, A.D. 2028-Jan-16 00:00:00.0000,  2.206285960071023E+08,  1.978231987214832E+08, -2.097100595551912E+07
2461787.500000000, A.D. 2028-Jan-17 00:00:00.0000,  2.202441097887588E+08,  1.995971733269491E+08, -2.090236801118036E+07
2461788.500000000, A.D. 2028-Jan-18 00:00:00.0000,  2.198513985741656E+08,  2.013636724644141E+08, -2.083294879743294E+07
2461789.500000000, A.D. 2028-Jan-19 00:00:00.0000,  2.194505504382391E+08,  2.031226975719605E+08, -2.076275786897226E+07
2461790.500000000, A.D. 2028-Jan-20 00:00:00.0000,  2.190416523948756E+08,  2.048742505231674E+08, -2.069180465855252E+07
2461791.500000000, A.D. 2028-Jan-21 00:00:00.0000,  2.186247904120313E+08,  2.066183336122764E+08, -2.062009847885019E+07
2461792.500000000, A.D. 2028-Jan-22 00:00:00.0000,  2.182000494266095E+08,  2.083549495398056E+08, -2.054764852430004E+07
2461793.500000000, A.D. 2028-Jan-23 00:00:00.0000,  2.177675133591515E+08,  2.100841013985924E+08, -2.047446387290306E+07
2461794.500000000, A.D. 2028-Jan-24 00:00:00.0000,  2.173272651283319E+08,  2.118057926602566E+08, -2.040055348800708E+07
2461795.500000000, A.D. 2028-Jan-25 00:00:00.0000,  2.168793866652594E+08,  2.135200271620682E+08, -2.032592622005969E+07
2461796.500000000, A.D. 2028-Jan-26 00:00:00.0000,  2.164239589275838E+08,  2.152268090942091E+08, -2.025059080833445E+07
2461797.500000000, A.D. 2028-Jan-27 00:00:00.0000,  2.159610619134105E+08,  2.169261429874167E+08, -2.017455588263014E+07
2461798.500000000, A.D. 2028-Jan-28 00:00:00.0000,  2.154907746750242E+08,  2.186180337009977E+08, -2.009782996494378E+07
2461799.500000000, A.D. 2028-Jan-29 00:00:00.0000,  2.150131753324211E+08,  2.203024864112015E+08, -2.002042147111752E+07
2461800.500000000, A.D. 2028-Jan-30 00:00:00.0000,  2.145283410866539E+08,  2.219795065999411E+08, -1.994233871245962E+07
2461801.500000000, A.D. 2028-Jan-31 00:00:00.0000,  2.140363482329886E+08,  2.236491000438528E+08, -1.986358989734009E+07
2461802.500000000, A.D. 2028-Feb-01 00:00:00.0000,  2.135372721738752E+08,  2.253112728036828E+08, -1.978418313276117E+07
2461803.500000000, A.D. 2028-Feb-02 00:00:00.0000,  2.130311874317350E+08,  2.269660312139925E+08, -1.970412642590305E+07
2461804.500000000, A.D. 2028-Feb-03 00:00:00.0000,  2.125181676615643E+08,  2.286133818731709E+08, -1.962342768564481E+07
2461805.500000000, A.D. 2028-Feb-04 00:00:00.0000,  2.119982856633581E+08,  2.302533316337465E+08, -1.954209472406150E+07
2461806.500000000, A.D. 2028-Feb-05 00:00:00.0000,  2.114716133943532E+08,  2.318858875929900E+08, -1.946013525789739E+07
2461807.500000000, A.D. 2028-Feb-06 00:00:00.0000,  2.109382219810953E+08,  2.335110570837966E+08, -1.937755691001530E+07
2461808.500000000, A.D. 2028-Feb-07 00:00:00.0000,  2.103981817313291E+08,  2.351288476658422E+08, -1.929436721082306E+07
2461809.500000000, A.D. 2028-Feb-08 00:00:00.0000,  2.098515621457149E+08,  2.367392671170043E+08, -1.921057359967709E+07
2461810.500000000, A.D. 2028-Feb-09 00:00:00.0000,  2.092984319293744E+08,  2.383423234250386E+08, -1.912618342626311E+07
2461811.500000000, A.D. 2028-Feb-10 00:00:00.0000,  2.087388590032645E+08,  2.399380247795064E+08, -1.904120395195507E+07
2461812.500000000, A.D. 2028-Feb-11 00:00:00.0000,  2.081729105153845E+08,  2.415263795639412E+08, -1.895564235115181E+07
2461813.500000000, A.D. 2028-Feb-12 00:00:00.0000,  2.076006528518170E+08,  2.431073963482524E+08, -1.886950571259226E+07
2461814.500000000, A.D. 2028-Feb-13 00:00:00.0000,  2.070221516476039E+08,  2.446810838813539E+08, -1.878280104064938E+07
2461815.500000000, A.D. 2028-Feb-14 00:00:00.0000,  2.064374717974614E+08,  2.462474510840141E+08, -1.869553525660326E+07
2461816.500000000, A.D. 2028-Feb-15 00:00:00.0000,  2.058466774663343E+08,  2.478065070419211E+08, -1.860771519989330E+07
2461817.500000000, A.D. 2028-Feb-16 00:00:00.0000,  2.052498320997922E+08,  2.493582609989537E+08, -1.851934762935041E+07
2461818.500000000, A.D. 2028-Feb-17 00:00:00.0000,  2.046469984342696E+08,  2.509027223506548E+08, -1.843043922440904E+07
2461819.500000000, A.D. 2028-Feb-18 00:00:00.0000,  2.040382385071533E+08,  2.524399006378997E+08, -1.834099658629955E+07
2461820.500000000, A.D. 2028-Feb-19 00:00:00.0000,  2.034236136667156E+08,  2.539698055407547E+08, -1.825102623922120E+07
2461821.500000000, A.D. 2028-Feb-20 00:00:00.0000,  2.028031845818996E+08,  2.554924468725191E+08, -1.816053463149610E+07
2461822.500000000, A.D. 2028-Feb-21 00:00:00.0000,  2.021770112519555E+08,  2.570078345739456E+08, -1.806952813670430E+07
2461823.500000000, A.D. 2028-Feb-22 00:00:00.0000,  2.015451530159315E+08,  2.585159787076341E+08, -1.797801305480058E+07
2461824.500000000, A.D. 2028-Feb-23 00:00:00.0000,  2.009076685620207E+08,  2.600168894525941E+08, -1.788599561321293E+07
2461825.500000000, A.D. 2028-Feb-24 00:00:00.0000,  2.002646159367664E+08,  2.615105770989689E+08, -1.779348196792312E+07
2461826.500000000, A.D. 2028-Feb-25 00:00:00.0000,  1.996160525541269E+08,  2.629970520429193E+08, -1.770047820452975E+07
2461827.500000000, A.D. 2028-Feb-26 00:00:00.0000,  1.989620352044037E+08,  2.644763247816599E+08, -1.760699033929408E+07
2461828.500000000, A.D. 2028-Feb-27 00:00:00.0000,  1.983026200630322E+08,  2.659484059086452E+08, -1.751302432016866E+07
2461829.500000000, A.D. 2028-Feb-28 00:00:00.0000,  1.976378626992400E+08,  2.674133061088995E+08, -1.741858602780925E+07
2461830.500000000, A.D. 2028-Feb-29 00:00:00.0000,  1.969678180845727E+08,  2.688710361544883E+08, -1.732368127657044E+07
2461831.500000000, A.D. 2028-Mar-01 00:00:00.0000,  1.962925406012891E+08,  2.703216069001243E+08, -1.722831581548488E+07
2461832.500000000, A.D. 2028-Mar-02 00:00:00.0000,  1.956120840506293E+08,  2.717650292789074E+08, -1.713249532922663E+07
2461833.500000000, A.D. 2028-Mar-03 00:00:00.0000,  1.949265016609561E+08,  2.732013142981914E+08, -1.703622543905902E+07
2461834.500000000, A.D. 2028-Mar-04 00:00:00.0000,  1.942358460957718E+08,  2.746304730355762E+08, -1.693951170376681E+07
2461835.500000000, A.D. 2028-Mar-05 00:00:00.0000,  1.935401694616134E+08,  2.760525166350209E+08, -1.684235962057340E+07
2461836.500000000, A.D. 2028-Mar-06 00:00:00.0000,  1.928395233158268E+08,  2.774674563030736E+08, -1.674477462604327E+07
2461837.500000000, A.D. 2028-Mar-07 00:00:00.0000,  1.921339586742218E+08,  2.788753033052157E+08, -1.664676209696949E+07
2461838.500000000, A.D. 2028-Mar-08 00:00:00.0000,  1.914235260186109E+08,  2.802760689623164E+08, -1.654832735124709E+07
2461839.500000000, A.D. 2028-Mar-09 00:00:00.0000,  1.907082753042327E+08,  2.816697646471950E+08, -1.644947564873217E+07
2461840.500000000, A.D. 2028-Mar-10 00:00:00.0000,  1.899882559670622E+08,  2.830564017812864E+08, -1.635021219208708E+07
2461841.500000000, A.D. 2028-Mar-11 00:00:00.0000,  1.892635169310086E+08,  2.844359918314093E+08, -1.625054212761214E+07
2461842.500000000, A.D. 2028-Mar-12 00:00:00.0000,  1.885341066150048E+08,  2.858085463066310E+08, -1.615047054606360E+07
2461843.500000000, A.D. 2028-Mar-13 00:00:00.0000,  1.878000729399873E+08,  2.871740767552288E+08, -1.605000248345880E+07
2461844.500000000, A.D. 2028-Mar-14 00:00:00.0000,  1.870614633357702E+08,  2.885325947617429E+08, -1.594914292186798E+07
2461845.500000000, A.D. 2028-Mar-15 00:00:00.0000,  1.863183247478153E+08,  2.898841119441208E+08, -1.584789679019360E+07
2461846.500000000, A.D. 2028-Mar-16 00:00:00.0000,  1.855707036438972E+08,  2.912286399509460E+08, -1.574626896493684E+07
2461847.500000000, A.D. 2028-Mar-17 00:00:00.0000,  1.848186460206689E+08,  2.925661904587557E+08, -1.564426427095228E+07
2461848.500000000, A.D. 2028-Mar-18 00:00:00.0000,  1.840621974101264E+08,  2.938967751694362E+08, -1.554188748218991E+07
2461849.500000000, A.D. 2028-Mar-19 00:00:00.0000,  1.833014028859752E+08,  2.952204058077022E+08, -1.543914332242572E+07
2461850.500000000, A.D. 2028-Mar-20 00:00:00.0000,  1.825363070699004E+08,  2.965370941186505E+08, -1.533603646598013E+07
2461851.500000000, A.D. 2028-Mar-21 00:00:00.0000,  1.817669541377412E+08,  2.978468518653911E+08, -1.523257153842548E+07
2461852.500000000, A.D. 2028-Mar-22 00:00:00.0000,  1.809933878255723E+08,  2.991496908267507E+08, -1.512875311728171E+07
2461853.500000000, A.D. 2028-Mar-23 00:00:00.0000,  1.802156514356931E+08,  3.004456227950473E+08, -1.502458573270127E+07
2461854.500000000, A.D. 2028-Mar-24 00:00:00.0000,  1.794337878425255E+08,  3.017346595739333E+08, -1.492007386814320E+07
2461855.500000000, A.D. 2028-Mar-25 00:00:00.0000,  1.786478394984235E+08,  3.030168129763072E+08, -1.481522196103618E+07
2461856.500000000, A.D. 2028-Mar-26 00:00:00.0000,  1.778578484393951E+08,  3.042920948222877E+08, -1.471003440343106E+07
2461857.500000000, A.D. 2028-Mar-27 00:00:00.0000,  1.770638562907365E+08,  3.055605169372541E+08, -1.460451554264356E+07
2461858.500000000, A.D. 2028-Mar-28 00:00:00.0000,  1.762659042725832E+08,  3.068220911499456E+08, -1.449866968188633E+07
2461859.500000000, A.D. 2028-Mar-29 00:00:00.0000,  1.754640332053765E+08,  3.080768292906213E+08, -1.439250108089106E+07
2461860.500000000, A.D. 2028-Mar-30 00:00:00.0000,  1.746582835152481E+08,  3.093247431892785E+08, -1.428601395652103E+07
2461861.500000000, A.D. 2028-Mar-31 00:00:00.0000,  1.738486952393241E+08,  3.105658446739255E+08, -1.417921248337364E+07
2461862.500000000, A.D. 2028-Apr-01 00:00:00.0000,  1.730353080309484E+08,  3.118001455689117E+08, -1.407210079437411E+07
2461863.500000000, A.D. 2028-Apr-02 00:00:00.0000,  1.722181611648299E+08,  3.130276576933080E+08, -1.396468298135892E+07
2461864.500000000, A.D. 2028-Apr-03 00:00:00.0000,  1.713972935421110E+08,  3.142483928593411E+08, -1.385696309565105E+07
2461865.500000000, A.D. 2028-Apr-04 00:00:00.0000,  1.705727436953607E+08,  3.154623628708758E+08, -1.374894514862561E+07
2461866.500000000, A.D. 2028-Apr-05 00:00:00.0000,  1.697445497934943E+08,  3.166695795219477E+08, -1.364063311226714E+07
2461867.500000000, A.D. 2028-Apr-06 00:00:00.0000,  1.689127496466186E+08,  3.178700545953422E+08, -1.353203091971749E+07
2461868.500000000, A.D. 2028-Apr-07 00:00:00.0000,  1.680773807108062E+08,  3.190637998612193E+08, -1.342314246581618E+07
2461869.500000000, A.D. 2028-Apr-08 00:00:00.0000,  1.672384800927980E+08,  3.202508270757837E+08, -1.331397160763136E+07
2461870.500000000, A.D. 2028-Apr-09 00:00:00.0000,  1.663960845546364E+08,  3.214311479799979E+08, -1.320452216498348E+07
2461871.500000000, A.D. 2028-Apr-10 00:00:00.0000,  1.655502305182307E+08,  3.226047742983367E+08, -1.309479792095998E+07
2461872.500000000, A.D. 2028-Apr-11 00:00:00.0000,  1.647009540698541E+08,  3.237717177375843E+08, -1.298480262242287E+07
2461873.500000000, A.D. 2028-Apr-12 00:00:00.0000,  1.638482909645746E+08,  3.249319899856690E+08, -1.287453998050806E+07
2461874.500000000, A.D. 2028-Apr-13 00:00:00.0000,  1.629922766306217E+08,  3.260856027105380E+08, -1.276401367111678E+07
2461875.500000000, A.D. 2028-Apr-14 00:00:00.0000,  1.621329461736880E+08,  3.272325675590696E+08, -1.265322733540030E+07
2461876.500000000, A.D. 2028-Apr-15 00:00:00.0000,  1.612703343811680E+08,  3.283728961560207E+08, -1.254218458023630E+07
2461877.500000000, A.D. 2028-Apr-16 00:00:00.0000,  1.604044757263351E+08,  3.295066001030107E+08, -1.243088897869855E+07
2461878.500000000, A.D. 2028-Apr-17 00:00:00.0000,  1.595354043724581E+08,  3.306336909775392E+08, -1.231934407051960E+07
2461879.500000000, A.D. 2028-Apr-18 00:00:00.0000,  1.586631541768565E+08,  3.317541803320371E+08, -1.220755336254552E+07
2461880.500000000, A.D. 2028-Apr-19 00:00:00.0000,  1.577877586948980E+08,  3.328680796929501E+08, -1.209552032918502E+07
2461881.500000000, A.D. 2028-Apr-20 00:00:00.0000,  1.569092511839373E+08,  3.339754005598521E+08, -1.198324841285060E+07
2461882.500000000, A.D. 2028-Apr-21 00:00:00.0000,  1.560276646071977E+08,  3.350761544045927E+08, -1.187074102439390E+07
2461883.500000000, A.D. 2028-Apr-22 00:00:00.0000,  1.551430316375969E+08,  3.361703526704699E+08, -1.175800154353383E+07
2461884.500000000, A.D. 2028-Apr-23 00:00:00.0000,  1.542553846615172E+08,  3.372580067714346E+08, -1.164503331927873E+07
2461885.500000000, A.D. 2028-Apr-24 00:00:00.0000,  1.533647557825212E+08,  3.383391280913211E+08, -1.153183967034183E+07
2461886.500000000, A.D. 2028-Apr-25 00:00:00.0000,  1.524711768250136E+08,  3.394137279831069E+08, -1.141842388555075E+07
2461887.500000000, A.D. 2028-Apr-26 00:00:00.0000,  1.515746793378516E+08,  3.404818177681966E+08, -1.130478922425061E+07
2461888.500000000, A.D. 2028-Apr-27 00:00:00.0000,  1.506752945979017E+08,  3.415434087357339E+08, -1.119093891670136E+07
2461889.500000000, A.D. 2028-Apr-28 00:00:00.0000,  1.497730536135472E+08,  3.425985121419362E+08, -1.107687616446887E+07
2461890.500000000, A.D. 2028-Apr-29 00:00:00.0000,  1.488679871281445E+08,  3.436471392094557E+08, -1.096260414081077E+07
2461891.500000000, A.D. 2028-Apr-30 00:00:00.0000,  1.479601256234309E+08,  3.446893011267626E+08, -1.084812599105576E+07
2461892.500000000, A.D. 2028-May-01 00:00:00.0000,  1.470494993228833E+08,  3.457250090475526E+08, -1.073344483297832E+07
2461893.500000000, A.D. 2028-May-02 00:00:00.0000,  1.461361381950302E+08,  3.467542740901754E+08, -1.061856375716695E+07
2461894.500000000, A.D. 2028-May-03 00:00:00.0000,  1.452200719567161E+08,  3.477771073370851E+08, -1.050348582738756E+07
2461895.500000000, A.D. 2028-May-04 00:00:00.0000,  1.443013300763200E+08,  3.487935198343132E+08, -1.038821408094157E+07
2461896.500000000, A.D. 2028-May-05 00:00:00.0000,  1.433799417769292E+08,  3.498035225909597E+08, -1.027275152901836E+07
2461897.500000000, A.D. 2028-May-06 00:00:00.0000,  1.424559360394679E+08,  3.508071265787053E+08, -1.015710115704282E+07
2461898.500000000, A.D. 2028-May-07 00:00:00.0000,  1.415293416057817E+08,  3.518043427313430E+08, -1.004126592501828E+07
2461899.500000000, A.D. 2028-May-08 00:00:00.0000,  1.406001869816804E+08,  3.527951819443281E+08, -9.925248767863557E+06
2461900.500000000, A.D. 2028-May-09 00:00:00.0000,  1.396685004399365E+08,  3.537796550743456E+08, -9.809052595745683E+06
2461901.500000000, A.D. 2028-May-10 00:00:00.0000,  1.387343100232435E+08,  3.547577729388968E+08, -9.692680294408172E+06
2461902.500000000, A.D. 2028-May-11 00:00:00.0000,  1.377976435471320E+08,  3.557295463159009E+08, -9.576134725493491E+06
2461903.500000000, A.D. 2028-May-12 00:00:00.0000,  1.368585286028465E+08,  3.566949859433159E+08, -9.459418726862162E+06
2461904.500000000, A.D. 2028-May-13 00:00:00.0000,  1.359169925601814E+08,  3.576541025187728E+08, -9.342535112906173E+06
2461905.500000000, A.D. 2028-May-14 00:00:00.0000,  1.349730625702785E+08,  3.586069066992276E+08, -9.225486674858779E+06
2461906.500000000, A.D. 2028-May-15 00:00:00.0000,  1.340267655683859E+08,  3.595534091006275E+08, -9.108276181099236E+06
2461907.500000000, A.D. 2028-May-16 00:00:00.0000,  1.330781282765790E+08,  3.604936202975919E+08, -8.990906377453670E+06
2461908.500000000, A.D. 2028-May-17 00:00:00.0000,  1.321271772064443E+08,  3.614275508231083E+08, -8.873379987491295E+06
2461909.500000000, A.D. 2028-May-18 00:00:00.0000,  1.311739386617264E+08,  3.623552111682415E+08, -8.755699712816954E+06
2461910.500000000, A.D. 2028-May-19 00:00:00.0000,  1.302184387409393E+08,  3.632766117818565E+08, -8.637868233358651E+06
2461911.500000000, A.D. 2028-May-20 00:00:00.0000,  1.292607033399417E+08,  3.641917630703551E+08, -8.519888207652137E+06
2461912.500000000, A.D. 2028-May-21 00:00:00.0000,  1.283007581544779E+08,  3.651006753974246E+08, -8.401762273120657E+06
2461913.500000000, A.D. 2028-May-22 00:00:00.0000,  1.273386286826841E+08,  3.660033590837984E+08, -8.283493046350956E+06
2461914.500000000, A.D. 2028-May-23 00:00:00.0000,  1.263743402275609E+08,  3.668998244070307E+08, -8.165083123366028E+06
2461915.500000000, A.D. 2028-May-24 00:00:00.0000,  1.254079178994126E+08,  3.677900816012798E+08, -8.046535079892859E+06
2461916.500000000, A.D. 2028-May-25 00:00:00.0000,  1.244393866182539E+08,  3.686741408571061E+08, -7.927851471627951E+06
2461917.500000000, A.D. 2028-May-26 00:00:00.0000,  1.234687711161839E+08,  3.695520123212780E+08, -7.809034834497660E+06
2461918.500000000, A.D. 2028-May-27 00:00:00.0000,  1.224960959397296E+08,  3.704237060965910E+08, -7.690087684916243E+06
2461919.500000000, A.D. 2028-May-28 00:00:00.0000,  1.215213854521566E+08,  3.712892322416951E+08, -7.571012520039544E+06
2461920.500000000, A.D. 2028-May-29 00:00:00.0000,  1.205446638357503E+08,  3.721486007709339E+08, -7.451811818015277E+06
2461921.500000000, A.D. 2028-May-30 00:00:00.0000,  1.195659550940668E+08,  3.730018216541926E+08, -7.332488038230270E+06
2461922.500000000, A.D. 2028-May-31 00:00:00.0000,  1.185852830541535E+08,  3.738489048167557E+08, -7.213043621554151E+06
2461923.500000000, A.D. 2028-Jun-01 00:00:00.0000,  1.176026713687412E+08,  3.746898601391736E+08, -7.093480990579173E+06
2461924.500000000, A.D. 2028-Jun-02 00:00:00.0000,  1.166181435184068E+08,  3.755246974571388E+08, -6.973802549858049E+06
2461925.500000000, A.D. 2028-Jun-03 00:00:00.0000,  1.156317228137081E+08,  3.763534265613698E+08, -6.854010686137050E+06
2461926.500000000, A.D. 2028-Jun-04 00:00:00.0000,  1.146434323972908E+08,  3.771760571975048E+08, -6.734107768587098E+06
2461927.500000000, A.D. 2028-Jun-05 00:00:00.0000,  1.136532952459676E+08,  3.779925990660017E+08, -6.614096149031341E+06
2461928.500000000, A.D. 2028-Jun-06 00:00:00.0000,  1.126613341727709E+08,  3.788030618220478E+08, -6.493978162169576E+06
2461929.500000000, A.D. 2028-Jun-07 00:00:00.0000,  1.116675718289782E+08,  3.796074550754757E+08, -6.373756125799611E+06
2461930.500000000, A.D. 2028-Jun-08 00:00:00.0000,  1.106720307061128E+08,  3.804057883906879E+08, -6.253432341036320E+06
2461931.500000000, A.D. 2028-Jun-09 00:00:00.0000,  1.096747331379166E+08,  3.811980712865880E+08, -6.133009092526928E+06
2461932.500000000, A.D. 2028-Jun-10 00:00:00.0000,  1.086757013022999E+08,  3.819843132365180E+08, -6.012488648663819E+06
2461933.500000000, A.D. 2028-Jun-11 00:00:00.0000,  1.076749572232644E+08,  3.827645236682042E+08, -5.891873261794776E+06
2461934.500000000, A.D. 2028-Jun-12 00:00:00.0000,  1.066725227728031E+08,  3.835387119637087E+08, -5.771165168429971E+06
2461935.500000000, A.D. 2028-Jun-13 00:00:00.0000,  1.056684196727748E+08,  3.843068874593873E+08, -5.650366589446634E+06
2461936.500000000, A.D. 2028-Jun-14 00:00:00.0000,  1.046626694967561E+08,  3.850690594458528E+08, -5.529479730290890E+06
2461937.500000000, A.D. 2028-Jun-15 00:00:00.0000,  1.036552936718688E+08,  3.858252371679464E+08, -5.408506781176835E+06
2461938.500000000, A.D. 2028-Jun-16 00:00:00.0000,  1.026463134805855E+08,  3.865754298247126E+08, -5.287449917283267E+06
2461939.500000000, A.D. 2028-Jun-17 00:00:00.0000,  1.016357500625112E+08,  3.873196465693810E+08, -5.166311298947692E+06
2461940.500000000, A.D. 2028-Jun-18 00:00:00.0000,  1.006236244161440E+08,  3.880578965093534E+08, -5.045093071857899E+06
2461941.500000000, A.D. 2028-Jun-19 00:00:00.0000,  9.960995740061282E+07,  3.887901887061961E+08, -4.923797367241085E+06
2461942.500000000, A.D. 2028-Jun-20 00:00:00.0000,  9.859476973739374E+07,  3.895165321756371E+08, -4.802426302050471E+06
2461943.500000000, A.D. 2028-Jun-21 00:00:00.0000,  9.757808201200545E+07,  3.902369358875681E+08, -4.680981979149550E+06
2461944.500000000, A.D. 2028-Jun-22 00:00:00.0000,  9.655991467568338E+07,  3.909514087660522E+08, -4.559466487494141E+06
2461945.500000000, A.D. 2028-Jun-23 00:00:00.0000,  9.554028804703322E+07,  3.916599596893352E+08, -4.437881902311951E+06
2461946.500000000, A.D. 2028-Jun-24 00:00:00.0000,  9.451922231366444E+07,  3.923625974898618E+08, -4.316230285279781E+06
2461947.500000000, A.D. 2028-Jun-25 00:00:00.0000,  9.349673753380342E+07,  3.930593309542966E+08, -4.194513684698731E+06
2461948.500000000, A.D. 2028-Jun-26 00:00:00.0000,  9.247285363788733E+07,  3.937501688235481E+08, -4.072734135667205E+06
2461949.500000000, A.D. 2028-Jun-27 00:00:00.0000,  9.144759043013828E+07,  3.944351197927985E+08, -3.950893660251558E+06
2461950.500000000, A.D. 2028-Jun-28 00:00:00.0000,  9.042096759011871E+07,  3.951141925115356E+08, -3.828994267654568E+06
2461951.500000000, A.D. 2028-Jun-29 00:00:00.0000,  8.939300467426781E+07,  3.957873955835900E+08, -3.707037954381973E+06
2461952.500000000, A.D. 2028-Jun-30 00:00:00.0000,  8.836372111741927E+07,  3.964547375671748E+08, -3.585026704407394E+06
2461953.500000000, A.D. 2028-Jul-01 00:00:00.0000,  8.733313623430164E+07,  3.971162269749302E+08, -3.462962489333838E+06
2461954.500000000, A.D. 2028-Jul-02 00:00:00.0000,  8.630126922101972E+07,  3.977718722739701E+08, -3.340847268554956E+06
2461955.500000000, A.D. 2028-Jul-03 00:00:00.0000,  8.526813915651904E+07,  3.984216818859330E+08, -3.218682989412904E+06
2461956.500000000, A.D. 2028-Jul-04 00:00:00.0000,  8.423376500403273E+07,  3.990656641870360E+08, -3.096471587355226E+06
2461957.500000000, A.D. 2028-Jul-05 00:00:00.0000,  8.319816561251141E+07,  3.997038275081316E+08, -2.974214986089319E+06
2461958.500000000, A.D. 2028-Jul-06 00:00:00.0000,  8.216135971803528E+07,  4.003361801347675E+08, -2.851915097734809E+06
2461959.500000000, A.D. 2028-Jul-07 00:00:00.0000,  8.112336594521219E+07,  4.009627303072498E+08, -2.729573822975159E+06
2461960.500000000, A.D. 2028-Jul-08 00:00:00.0000,  8.008420280855636E+07,  4.015834862207088E+08, -2.607193051205963E+06
2461961.500000000, A.D. 2028-Jul-09 00:00:00.0000,  7.904388871385294E+07,  4.021984560251677E+08, -2.484774660683006E+06
2461962.500000000, A.D. 2028-Jul-10 00:00:00.0000,  7.800244195950596E+07,  4.028076478256127E+08, -2.362320518666863E+06
2461963.500000000, A.D. 2028-Jul-11 00:00:00.0000,  7.695988073787120E+07,  4.034110696820678E+08, -2.239832481567562E+06
2461964.500000000, A.D. 2028-Jul-12 00:00:00.0000,  7.591622313657345E+07,  4.040087296096706E+08, -2.117312395085990E+06
2461965.500000000, A.D. 2028-Jul-13 00:00:00.0000,  7.487148713980894E+07,  4.046006355787505E+08, -1.994762094355017E+06
2461966.500000000, A.D. 2028-Jul-14 00:00:00.0000,  7.382569062963270E+07,  4.051867955149099E+08, -1.872183404077530E+06
2461967.500000000, A.D. 2028-Jul-15 00:00:00.0000,  7.277885138723150E+07,  4.057672172991069E+08, -1.749578138664186E+06
2461968.500000000, A.D. 2028-Jul-16 00:00:00.0000,  7.173098709418237E+07,  4.063419087677402E+08, -1.626948102368653E+06
2461969.500000000, A.D. 2028-Jul-17 00:00:00.0000,  7.068211533369704E+07,  4.069108777127366E+08, -1.504295089421690E+06
2461970.500000000, A.D. 2028-Jul-18 00:00:00.0000,  6.963225359185229E+07,  4.074741318816392E+08, -1.381620884163648E+06
2461971.500000000, A.D. 2028-Jul-19 00:00:00.0000,  6.858141925880688E+07,  4.080316789776989E+08, -1.258927261175483E+06
2461972.500000000, A.D. 2028-Jul-20 00:00:00.0000,  6.752962963000455E+07,  4.085835266599656E+08, -1.136215985407770E+06
2461973.500000000, A.D. 2028-Jul-21 00:00:00.0000,  6.647690190736398E+07,  4.091296825433835E+08, -1.013488812309325E+06
2461974.500000000, A.D. 2028-Jul-22 00:00:00.0000,  6.542325320045543E+07,  4.096701541988860E+08, -8.907474879530668E+05
2461975.500000000, A.D. 2028-Jul-23 00:00:00.0000,  6.436870052766462E+07,  4.102049491534925E+08, -7.679937491613925E+05
2461976.500000000, A.D. 2028-Jul-24 00:00:00.0000,  6.331326081734332E+07,  4.107340748904076E+08, -6.452293236297369E+05
2461977.500000000, A.D. 2028-Jul-25 00:00:00.0000,  6.225695090894821E+07,  4.112575388491205E+08, -5.224559300489724E+05
2461978.500000000, A.D. 2028-Jul-26 00:00:00.0000,  6.119978755416644E+07,  4.117753484255069E+08, -3.996752782260776E+05
2461979.500000000, A.D. 2028-Jul-27 00:00:00.0000,  6.014178741802940E+07,  4.122875109719312E+08, -2.768890692034066E+05
2461980.500000000, A.D. 2028-Jul-28 00:00:00.0000,  5.908296708001469E+07,  4.127940337973506E+08, -1.540989953778982E+05
2461981.500000000, A.D. 2028-Jul-29 00:00:00.0000,  5.802334303513582E+07,  4.132949241674206E+08, -3.130674061667919E+04
2461982.500000000, A.D. 2028-Jul-30 00:00:00.0000,  5.696293169502055E+07,  4.137901893046014E+08,  9.148601962634921E+04
2461983.500000000, A.D. 2028-Jul-31 00:00:00.0000,  5.590174938897780E+07,  4.142798363882651E+08,  2.142776181965470E+05
2461984.500000000, A.D. 2028-Aug-01 00:00:00.0000,  5.483981236505318E+07,  4.147638725548051E+08,  3.370663961254358E+05
2461985.500000000, A.D. 2028-Aug-02 00:00:00.0000,  5.377713679107351E+07,  4.152423048977456E+08,  4.598507025185525E+05
2461986.500000000, A.D. 2028-Aug-03 00:00:00.0000,  5.271373875568046E+07,  4.157151404678519E+08,  5.826288944449723E+05
2461987.500000000, A.D. 2028-Aug-04 00:00:00.0000,  5.164963426935339E+07,  4.161823862732432E+08,  7.053993368276656E+05
2461988.500000000, A.D. 2028-Aug-05 00:00:00.0000,  5.058483926542167E+07,  4.166440492795041E+08,  8.281604023351371E+05
2461989.500000000, A.D. 2028-Aug-06 00:00:00.0000,  4.951936960106649E+07,  4.171001364097987E+08,  9.509104712742269E+05
2461990.500000000, A.D. 2028-Aug-07 00:00:00.0000,  4.845324105831268E+07,  4.175506545449847E+08,  1.073647931484103E+06
2461991.500000000, A.D. 2028-Aug-08 00:00:00.0000,  4.738646934501002E+07,  4.179956105237286E+08,  1.196371178231001E+06
2461992.500000000, A.D. 2028-Aug-09 00:00:00.0000,  4.631907009580506E+07,  4.184350111426210E+08,  1.319078614104599E+06
2461993.500000000, A.D. 2028-Aug-10 00:00:00.0000,  4.525105887310274E+07,  4.188688631562935E+08,  1.441768648915112E+06
2461994.500000000, A.D. 2028-Aug-11 00:00:00.0000,  4.418245116801875E+07,  4.192971732775351E+08,  1.564439699591607E+06
2461995.500000000, A.D. 2028-Aug-12 00:00:00.0000,  4.311326240132204E+07,  4.197199481774107E+08,  1.687090190080822E+06
2461996.500000000, A.D. 2028-Aug-13 00:00:00.0000,  4.204350792436829E+07,  4.201371944853786E+08,  1.809718551248163E+06
2461997.500000000, A.D. 2028-Aug-14 00:00:00.0000,  4.097320302002389E+07,  4.205489187894090E+08,  1.932323220778555E+06
2461998.500000000, A.D. 2028-Aug-15 00:00:00.0000,  3.990236290358111E+07,  4.209551276361039E+08,  2.054902643078893E+06
2461999.500000000, A.D. 2028-Aug-16 00:00:00.0000,  3.883100272366420E+07,  4.213558275308164E+08,  2.177455269181192E+06
2462000.500000000, A.D. 2028-Aug-17 00:00:00.0000,  3.775913756312671E+07,  4.217510249377704E+08,  2.299979556647032E+06
2462001.500000000, A.D. 2028-Aug-18 00:00:00.0000,  3.668678243994015E+07,  4.221407262801816E+08,  2.422473969472408E+06
2462002.500000000, A.D. 2028-Aug-19 00:00:00.0000,  3.561395230807424E+07,  4.225249379403781E+08,  2.544936977994442E+06
2462003.500000000, A.D. 2028-Aug-20 00:00:00.0000,  3.454066205836858E+07,  4.229036662599212E+08,  2.667367058797657E+06
2462004.500000000, A.D. 2028-Aug-21 00:00:00.0000,  3.346692651939624E+07,  4.232769175397276E+08,  2.789762694622636E+06
2462005.500000000, A.D. 2028-Aug-22 00:00:00.0000,  3.239276045831910E+07,  4.236446980401903E+08,  2.912122374274284E+06
2462006.500000000, A.D. 2028-Aug-23 00:00:00.0000,  3.131817858173523E+07,  4.240070139813014E+08,  3.034444592531741E+06
2462007.500000000, A.D. 2028-Aug-24 00:00:00.0000,  3.024319553651839E+07,  4.243638715427737E+08,  3.156727850059181E+06
2462008.500000000, A.D. 2028-Aug-25 00:00:00.0000,  2.916782591064977E+07,  4.247152768641634E+08,  3.278970653316766E+06
2462009.500000000, A.D. 2028-Aug-26 00:00:00.0000,  2.809208423404207E+07,  4.250612360449927E+08,  3.401171514473259E+06
2462010.500000000, A.D. 2028-Aug-27 00:00:00.0000,  2.701598497935609E+07,  4.254017551448725E+08,  3.523328951318800E+06
2462011.500000000, A.D. 2028-Aug-28 00:00:00.0000,  2.593954256280994E+07,  4.257368401836257E+08,  3.645441487179071E+06
2462012.500000000, A.D. 2028-Aug-29 00:00:00.0000,  2.486277134498089E+07,  4.260664971414098E+08,  3.767507650829613E+06
2462013.500000000, A.D. 2028-Aug-30 00:00:00.0000,  2.378568563160014E+07,  4.263907319588403E+08,  3.889525976411492E+06
2462014.500000000, A.D. 2028-Aug-31 00:00:00.0000,  2.270829967434048E+07,  4.267095505371137E+08,  4.011495003347576E+06
2462015.500000000, A.D. 2028-Sep-01 00:00:00.0000,  2.163062767159706E+07,  4.270229587381315E+08,  4.133413276259094E+06
2462016.500000000, A.D. 2028-Sep-02 00:00:00.0000,  2.055268376926127E+07,  4.273309623846226E+08,  4.255279344883889E+06
2462017.500000000, A.D. 2028-Sep-03 00:00:00.0000,  1.947448206148797E+07,  4.276335672602674E+08,  4.377091763994366E+06
2462018.500000000, A.D. 2028-Sep-04 00:00:00.0000,  1.839603659145604E+07,  4.279307791098211E+08,  4.498849093317032E+06
2462019.500000000, A.D. 2028-Sep-05 00:00:00.0000,  1.731736135212246E+07,  4.282226036392368E+08,  4.620549897451937E+06
2462020.500000000, A.D. 2028-Sep-06 00:00:00.0000,  1.623847028697002E+07,  4.285090465157892E+08,  4.742192745793700E+06
2462021.500000000, A.D. 2028-Sep-07 00:00:00.0000,  1.515937729074869E+07,  4.287901133681976E+08,  4.863776212452501E+06
2462022.500000000, A.D. 2028-Sep-08 00:00:00.0000,  1.408009621021080E+07,  4.290658097867501E+08,  4.985298876175791E+06
2462023.500000000, A.D. 2028-Sep-09 00:00:00.0000,  1.300064084484020E+07,  4.293361413234254E+08,  5.106759320271194E+06
2462024.500000000, A.D. 2028-Sep-10 00:00:00.0000,  1.192102494757535E+07,  4.296011134920171E+08,  5.228156132529855E+06
2462025.500000000, A.D. 2028-Sep-11 00:00:00.0000,  1.084126222552656E+07,  4.298607317682565E+08,  5.349487905149579E+06
2462026.500000000, A.D. 2028-Sep-12 00:00:00.0000,  9.761366340687431E+06,  4.301150015899357E+08,  5.470753234660298E+06
2462027.500000000, A.D. 2028-Sep-13 00:00:00.0000,  8.681350910640676E+06,  4.303639283570298E+08,  5.591950721848369E+06
2462028.500000000, A.D. 2028-Sep-14 00:00:00.0000,  7.601229509258213E+06,  4.306075174318201E+08,  5.713078971682727E+06
2462029.500000000, A.D. 2028-Sep-15 00:00:00.0000,  6.521015667395873E+06,  4.308457741390169E+08,  5.834136593241096E+06
2462030.500000000, A.D. 2028-Sep-16 00:00:00.0000,  5.440722873582683E+06,  4.310787037658814E+08,  5.955122199636757E+06
2462031.500000000, A.D. 2028-Sep-17 00:00:00.0000,  4.360364574704759E+06,  4.313063115623481E+08,  6.076034407946318E+06
2462032.500000000, A.D. 2028-Sep-18 00:00:00.0000,  3.279954176684096E+06,  4.315286027411469E+08,  6.196871839137495E+06
2462033.500000000, A.D. 2028-Sep-19 00:00:00.0000,  2.199505045152135E+06,  4.317455824779249E+08,  6.317633117997736E+06
2462034.500000000, A.D. 2028-Sep-20 00:00:00.0000,  1.119030506118342E+06,  4.319572559113679E+08,  6.438316873063534E+06
2462035.500000000, A.D. 2028-Sep-21 00:00:00.0000,  3.854384663380039E+04,  4.321636281433218E+08,  6.558921736550033E+06
2462036.500000000, A.D. 2028-Sep-22 00:00:00.0000, -1.041941684550055E+06,  4.323647042389139E+08,  6.679446344281018E+06
2462037.500000000, A.D. 2028-Sep-23 00:00:00.0000, -2.122412876327457E+06,  4.325604892266738E+08,  6.799889335619956E+06
2462038.500000000, A.D. 2028-Sep-24 00:00:00.0000, -3.202856554589101E+06,  4.327509880986535E+08,  6.920249353401095E+06
2462039.500000000, A.D. 2028-Sep-25 00:00:00.0000, -4.283259581577479E+06,  4.329362058105483E+08,  7.040525043861479E+06
2462040.500000000, A.D. 2028-Sep-26 00:00:00.0000, -5.363608855246790E+06,  4.331161472818167E+08,  7.160715056572437E+06
2462041.500000000, A.D. 2028-Sep-27 00:00:00.0000, -6.443891308627314E+06,  4.332908173958001E+08,  7.280818044373065E+06
2462042.500000000, A.D. 2028-Sep-28 00:00:00.0000, -7.524093909194156E+06,  4.334602209998420E+08,  7.400832663303137E+06
2462043.500000000, A.D. 2028-Sep-29 00:00:00.0000, -8.604203658240294E+06,  4.336243629054072E+08,  7.520757572536737E+06
2462044.500000000, A.D. 2028-Sep-30 00:00:00.0000, -9.684207590253923E+06,  4.337832478882008E+08,  7.640591434316337E+06
2462045.500000000, A.D. 2028-Oct-01 00:00:00.0000, -1.076409277229982E+07,  4.339368806882864E+08,  7.760332913887322E+06
2462046.500000000, A.D. 2028-Oct-02 00:00:00.0000, -1.184384630340493E+07,  4.340852660102040E+08,  7.879980679433137E+06
2462047.500000000, A.D. 2028-Oct-03 00:00:00.0000, -1.292345531394792E+07,  4.342284085230883E+08,  7.999533402010739E+06
2462048.500000000, A.D. 2028-Oct-04 00:00:00.0000, -1.400290696505271E+07,  4.343663128607855E+08,  8.118989755486012E+06
2462049.500000000, A.D. 2028-Oct-05 00:00:00.0000, -1.508218844798577E+07,  4.344989836219703E+08,  8.238348416470677E+06
2462050.500000000, A.D. 2028-Oct-06 00:00:00.0000, -1.616128698355742E+07,  4.346264253702630E+08,  8.357608064258486E+06
2462051.500000000, A.D. 2028-Oct-07 00:00:00.0000, -1.724018982152660E+07,  4.347486426343456E+08,  8.476767380762458E+06
2462052.500000000, A.D. 2028-Oct-08 00:00:00.0000, -1.831888424000977E+07,  4.348656399080774E+08,  8.595825050452411E+06
2462053.500000000, A.D. 2028-Oct-09 00:00:00.0000, -1.939735754489263E+07,  4.349774216506113E+08,  8.714779760292679E+06
2462054.500000000, A.D. 2028-Oct-10 00:00:00.0000, -2.047559706924618E+07,  4.350839922865081E+08,  8.833630199680209E+06
2462055.500000000, A.D. 2028-Oct-11 00:00:00.0000, -2.155359017274586E+07,  4.351853562058529E+08,  8.952375060383648E+06
2462056.500000000, A.D. 2028-Oct-12 00:00:00.0000, -2.263132424109390E+07,  4.352815177643675E+08,  9.071013036481678E+06
2462057.500000000, A.D. 2028-Oct-13 00:00:00.0000, -2.370878668544527E+07,  4.353724812835264E+08,  9.189542824302763E+06
2462058.500000000, A.D. 2028-Oct-14 00:00:00.0000, -2.478596494183679E+07,  4.354582510506698E+08,  9.307963122364461E+06
2462059.500000000, A.D. 2028-Oct-15 00:00:00.0000, -2.586284647061910E+07,  4.355388313191170E+08,  9.426272631313682E+06
2462060.500000000, A.D. 2028-Oct-16 00:00:00.0000, -2.693941875589255E+07,  4.356142263082792E+08,  9.544470053866774E+06
2462061.500000000, A.D. 2028-Oct-17 00:00:00.0000, -2.801566930494513E+07,  4.356844402037721E+08,  9.662554094750375E+06
2462062.500000000, A.D. 2028-Oct-18 00:00:00.0000, -2.909158564769392E+07,  4.357494771575285E+08,  9.780523460642070E+06
2462063.500000000, A.D. 2028-Oct-19 00:00:00.0000, -3.016715533612970E+07,  4.358093412879090E+08,  9.898376860112011E+06
2462064.500000000, A.D. 2028-Oct-20 00:00:00.0000, -3.124236594376397E+07,  4.358640366798141E+08,  1.001611300356427E+07
2462065.500000000, A.D. 2028-Oct-21 00:00:00.0000, -3.231720506507922E+07,  4.359135673847942E+08,  1.013373060317865E+07
2462066.500000000, A.D. 2028-Oct-22 00:00:00.0000, -3.339166031498174E+07,  4.359579374211605E+08,  1.025122837285316E+07
2462067.500000000, A.D. 2028-Oct-23 00:00:00.0000, -3.446571932825732E+07,  4.359971507740948E+08,  1.036860502814630E+07
2462068.500000000, A.D. 2028-Oct-24 00:00:00.0000, -3.553936975902961E+07,  4.360312113957592E+08,  1.048585928621969E+07
2462069.500000000, A.D. 2028-Oct-25 00:00:00.0000, -3.661259928022111E+07,  4.360601232054050E+08,  1.060298986578146E+07
2462070.500000000, A.D. 2028-Oct-26 00:00:00.0000, -3.768539558301664E+07,  4.360838900894825E+08,  1.071999548702911E+07
2462071.500000000, A.D. 2028-Oct-27 00:00:00.0000, -3.875774637632947E+07,  4.361025159017484E+08,  1.083687487159342E+07
2462072.500000000, A.D. 2028-Oct-28 00:00:00.0000, -3.982963938626973E+07,  4.361160044633750E+08,  1.095362674248222E+07
2462073.500000000, A.D. 2028-Oct-29 00:00:00.0000, -4.090106235561527E+07,  4.361243595630583E+08,  1.107024982402426E+07
2462074.500000000, A.D. 2028-Oct-30 00:00:00.0000, -4.197200304328486E+07,  4.361275849571246E+08,  1.118674284181374E+07
2462075.500000000, A.D. 2028-Oct-31 00:00:00.0000, -4.304244922381341E+07,  4.361256843696394E+08,  1.130310452265468E+07
2462076.500000000, A.D. 2028-Nov-01 00:00:00.0000, -4.411238868682965E+07,  4.361186614925135E+08,  1.141933359450582E+07
2462077.500000000, A.D. 2028-Nov-02 00:00:00.0000, -4.518180923653577E+07,  4.361065199856104E+08,  1.153542878642565E+07
2462078.500000000, A.D. 2028-Nov-03 00:00:00.0000, -4.625069869118912E+07,  4.360892634768522E+08,  1.165138882851756E+07
2462079.500000000, A.D. 2028-Nov-04 00:00:00.0000, -4.731904488258588E+07,  4.360668955623270E+08,  1.176721245187506E+07
2462080.500000000, A.D. 2028-Nov-05 00:00:00.0000, -4.838683565554673E+07,  4.360394198063937E+08,  1.188289838852799E+07
2462081.500000000, A.D. 2028-Nov-06 00:00:00.0000, -4.945405886740442E+07,  4.360068397417887E+08,  1.199844537138754E+07
2462082.500000000, A.D. 2028-Nov-07 00:00:00.0000, -5.052070238749297E+07,  4.359691588697306E+08,  1.211385213419321E+07
2462083.500000000, A.D. 2028-Nov-08 00:00:00.0000, -5.158675409663896E+07,  4.359263806600257E+08,  1.222911741145808E+07
2462084.500000000, A.D. 2028-Nov-09 00:00:00.0000, -5.265220188665420E+07,  4.358785085511729E+08,  1.234423993841577E+07
2462085.500000000, A.D. 2028-Nov-10 00:00:00.0000, -5.371703365983018E+07,  4.358255459504682E+08,  1.245921845096710E+07
2462086.500000000, A.D. 2028-Nov-11 00:00:00.0000, -5.478123732843431E+07,  4.357674962341091E+08,  1.257405168562630E+07
2462087.500000000, A.D. 2028-Nov-12 00:00:00.0000, -5.584480081420739E+07,  4.357043627472988E+08,  1.268873837946850E+07
2462088.500000000, A.D. 2028-Nov-13 00:00:00.0000, -5.690771204786278E+07,  4.356361488043492E+08,  1.280327727007633E+07
2462089.500000000, A.D. 2028-Nov-14 00:00:00.0000, -5.796995896858702E+07,  4.355628576887857E+08,  1.291766709548739E+07
2462090.500000000, A.D. 2028-Nov-15 00:00:00.0000, -5.903152952354161E+07,  4.354844926534495E+08,  1.303190659414160E+07
2462091.500000000, A.D. 2028-Nov-16 00:00:00.0000, -6.009241166736655E+07,  4.354010569206011E+08,  1.314599450482848E+07
2462092.500000000, A.D. 2028-Nov-17 00:00:00.0000, -6.115259336168467E+07,  4.353125536820223E+08,  1.325992956663516E+07
2462093.500000000, A.D. 2028-Nov-18 00:00:00.0000, -6.221206257460762E+07,  4.352189860991198E+08,  1.337371051889384E+07
2462094.500000000, A.D. 2028-Nov-19 00:00:00.0000, -6.327080728024279E+07,  4.351203573030269E+08,  1.348733610112983E+07
2462095.500000000, A.D. 2028-Nov-20 00:00:00.0000, -6.432881545820145E+07,  4.350166703947052E+08,  1.360080505300954E+07
2462096.500000000, A.D. 2028-Nov-21 00:00:00.0000, -6.538607509310804E+07,  4.349079284450469E+08,  1.371411611428863E+07
2462097.500000000, A.D. 2028-Nov-22 00:00:00.0000, -6.644257417411024E+07,  4.347941344949762E+08,  1.382726802476037E+07
2462098.500000000, A.D. 2028-Nov-23 00:00:00.0000, -6.749830069439043E+07,  4.346752915555508E+08,  1.394025952420357E+07
2462099.500000000, A.D. 2028-Nov-24 00:00:00.0000, -6.855324265067770E+07,  4.345514026080623E+08,  1.405308935233173E+07
2462100.500000000, A.D. 2028-Nov-25 00:00:00.0000, -6.960738804276091E+07,  4.344224706041381E+08,  1.416575624874082E+07
2462101.500000000, A.D. 2028-Nov-26 00:00:00.0000, -7.066072487300266E+07,  4.342884984658415E+08,  1.427825895285848E+07
2462102.500000000, A.D. 2028-Nov-27 00:00:00.0000, -7.171324114585391E+07,  4.341494890857723E+08,  1.439059620389253E+07
2462103.500000000, A.D. 2028-Nov-28 00:00:00.0000, -7.276492486736931E+07,  4.340054453271670E+08,  1.450276674077973E+07
2462104.500000000, A.D. 2028-Nov-29 00:00:00.0000, -7.381576404472344E+07,  4.338563700239996E+08,  1.461476930213469E+07
2462105.500000000, A.D. 2028-Nov-30 00:00:00.0000, -7.486574668572733E+07,  4.337022659810801E+08,  1.472660262619883E+07
2462106.500000000, A.D. 2028-Dec-01 00:00:00.0000, -7.591486079834601E+07,  4.335431359741558E+08,  1.483826545078939E+07
2462107.500000000, A.D. 2028-Dec-02 00:00:00.0000, -7.696309439021616E+07,  4.333789827500101E+08,  1.494975651324850E+07
2462108.500000000, A.D. 2028-Dec-03 00:00:00.0000, -7.801043546816461E+07,  4.332098090265619E+08,  1.506107455039206E+07
2462109.500000000, A.D. 2028-Dec-04 00:00:00.0000, -7.905687203772700E+07,  4.330356174929651E+08,  1.517221829845941E+07
2462110.500000000, A.D. 2028-Dec-05 00:00:00.0000, -8.010239210266703E+07,  4.328564108097078E+08,  1.528318649306208E+07
2462111.500000000, A.D. 2028-Dec-06 00:00:00.0000, -8.114698366449596E+07,  4.326721916087114E+08,  1.539397786913303E+07
2462112.500000000, A.D. 2028-Dec-07 00:00:00.0000, -8.219063472199242E+07,  4.324829624934283E+08,  1.550459116087642E+07
2462113.500000000, A.D. 2028-Dec-08 00:00:00.0000, -8.323333327072254E+07,  4.322887260389431E+08,  1.561502510171622E+07
2462114.500000000, A.D. 2028-Dec-09 00:00:00.0000, -8.427506730256006E+07,  4.320894847920681E+08,  1.572527842424619E+07
2462115.500000000, A.D. 2028-Dec-10 00:00:00.0000, -8.531582480520697E+07,  4.318852412714447E+08,  1.583534986017880E+07
2462116.500000000, A.D. 2028-Dec-11 00:00:00.0000, -8.635559376171389E+07,  4.316759979676398E+08,  1.594523814029470E+07
2462117.500000000, A.D. 2028-Dec-12 00:00:00.0000, -8.739436215000066E+07,  4.314617573432452E+08,  1.605494199439204E+07
2462118.500000000, A.D. 2028-Dec-13 00:00:00.0000, -8.843211794237697E+07,  4.312425218329752E+08,  1.616446015123615E+07
2462119.500000000, A.D. 2028-Dec-14 00:00:00.0000, -8.946884910506281E+07,  4.310182938437656E+08,  1.627379133850837E+07
2462120.500000000, A.D. 2028-Dec-15 00:00:00.0000, -9.050454359770909E+07,  4.307890757548710E+08,  1.638293428275579E+07
2462121.500000000, A.D. 2028-Dec-16 00:00:00.0000, -9.153918937291780E+07,  4.305548699179628E+08,  1.649188770934075E+07
2462122.500000000, A.D. 2028-Dec-17 00:00:00.0000, -9.257277437576219E+07,  4.303156786572281E+08,  1.660065034238946E+07
2462123.500000000, A.D. 2028-Dec-18 00:00:00.0000, -9.360528654330674E+07,  4.300715042694666E+08,  1.670922090474212E+07
2462124.500000000, A.D. 2028-Dec-19 00:00:00.0000, -9.463671380412666E+07,  4.298223490241891E+08,  1.681759811790174E+07
2462125.500000000, A.D. 2028-Dec-20 00:00:00.0000, -9.566704407782733E+07,  4.295682151637152E+08,  1.692578070198351E+07
2462126.500000000, A.D. 2028-Dec-21 00:00:00.0000, -9.669626527456310E+07,  4.293091049032711E+08,  1.703376737566406E+07
2462127.500000000, A.D. 2028-Dec-22 00:00:00.0000, -9.772436529455587E+07,  4.290450204310874E+08,  1.714155685613030E+07
2462128.500000000, A.D. 2028-Dec-23 00:00:00.0000, -9.875133202761298E+07,  4.287759639084977E+08,  1.724914785902908E+07
2462129.500000000, A.D. 2028-Dec-24 00:00:00.0000, -9.977715335264498E+07,  4.285019374700350E+08,  1.735653909841588E+07
2462130.500000000, A.D. 2028-Dec-25 00:00:00.0000, -1.008018171371828E+08,  4.282229432235311E+08,  1.746372928670391E+07
2462131.500000000, A.D. 2028-Dec-26 00:00:00.0000, -1.018253112368921E+08,  4.279389832502128E+08,  1.757071713461292E+07
2462132.500000000, A.D. 2028-Dec-27 00:00:00.0000, -1.028476234950925E+08,  4.276500596048020E+08,  1.767750135111836E+07
2462133.500000000, A.D. 2028-Dec-28 00:00:00.0000, -1.038687417422701E+08,  4.273561743156118E+08,  1.778408064340001E+07
2462134.500000000, A.D. 2028-Dec-29 00:00:00.0000, -1.048886537955920E+08,  4.270573293846453E+08,  1.789045371679065E+07
2462135.500000000, A.D. 2028-Dec-30 00:00:00.0000, -1.059073474584203E+08,  4.267535267876941E+08,  1.799661927472463E+07
2462136.500000000, A.D. 2028-Dec-31 00:00:00.0000, -1.069248105198245E+08,  4.264447684744354E+08,  1.810257601868686E+07
2462137.500000000, A.D. 2029-Jan-01 00:00:00.0000, -1.079410307540931E+08,  4.261310563685315E+08,  1.820832264816079E+07
2462138.500000000, A.D. 2029-Jan-02 00:00:00.0000, -1.089559959202449E+08,  4.258123923677274E+08,  1.831385786057672E+07
2462139.500000000, A.D. 2029-Jan-03 00:00:00.0000, -1.099696937615383E+08,  4.254887783439501E+08,  1.841918035126060E+07
2462140.500000000, A.D. 2029-Jan-04 00:00:00.0000, -1.109821120049805E+08,  4.251602161434061E+08,  1.852428881338176E+07
2462141.500000000, A.D. 2029-Jan-05 00:00:00.0000, -1.119932383608353E+08,  4.248267075866820E+08,  1.862918193790078E+07
2462142.500000000, A.D. 2029-Jan-06 00:00:00.0000, -1.130030605221295E+08,  4.244882544688421E+08,  1.873385841351768E+07
2462143.500000000, A.D. 2029-Jan-07 00:00:00.0000, -1.140115661641588E+08,  4.241448585595284E+08,  1.883831692661992E+07
2462144.500000000, A.D. 2029-Jan-08 00:00:00.0000, -1.150187429439917E+08,  4.237965216030601E+08,  1.894255616122946E+07
2462145.500000000, A.D. 2029-Jan-09 00:00:00.0000, -1.160245784999726E+08,  4.234432453185331E+08,  1.904657479895064E+07
2462146.500000000, A.D. 2029-Jan-10 00:00:00.0000, -1.170290604512237E+08,  4.230850313999206E+08,  1.915037151891759E+07
2462147.500000000, A.D. 2029-Jan-11 00:00:00.0000, -1.180321763971452E+08,  4.227218815161728E+08,  1.925394499774104E+07
2462148.500000000, A.D. 2029-Jan-12 00:00:00.0000, -1.190339139169137E+08,  4.223537973113173E+08,  1.935729390945601E+07
2462149.500000000, A.D. 2029-Jan-13 00:00:00.0000, -1.200342605689801E+08,  4.219807804045606E+08,  1.946041692546824E+07
2462150.500000000, A.D. 2029-Jan-14 00:00:00.0000, -1.210332038905654E+08,  4.216028323903888E+08,  1.956331271450087E+07
2462151.500000000, A.D. 2029-Jan-15 00:00:00.0000, -1.220307313971540E+08,  4.212199548386691E+08,  1.966597994254142E+07
2462152.500000000, A.D. 2029-Jan-16 00:00:00.0000, -1.230268305819877E+08,  4.208321492947506E+08,  1.976841727278787E+07
2462153.500000000, A.D. 2029-Jan-17 00:00:00.0000, -1.240214889155553E+08,  4.204394172795674E+08,  1.987062336559495E+07
2462154.500000000, A.D. 2029-Jan-18 00:00:00.0000, -1.250146938450823E+08,  4.200417602897395E+08,  1.997259687842017E+07
2462155.500000000, A.D. 2029-Jan-19 00:00:00.0000, -1.260064327940182E+08,  4.196391797976767E+08,  2.007433646576956E+07
2462156.500000000, A.D. 2029-Jan-20 00:00:00.0000, -1.269966931615226E+08,  4.192316772516801E+08,  2.017584077914369E+07
2462157.500000000, A.D. 2029-Jan-21 00:00:00.0000, -1.279854623219481E+08,  4.188192540760461E+08,  2.027710846698257E+07
2462158.500000000, A.D. 2029-Jan-22 00:00:00.0000, -1.289727276243229E+08,  4.184019116711694E+08,  2.037813817461145E+07
2462159.500000000, A.D. 2029-Jan-23 00:00:00.0000, -1.299584763918308E+08,  4.179796514136478E+08,  2.047892854418540E+07
2462160.500000000, A.D. 2029-Jan-24 00:00:00.0000, -1.309426959212886E+08,  4.175524746563858E+08,  2.057947821463439E+07
2462161.500000000, A.D. 2029-Jan-25 00:00:00.0000, -1.319253734826230E+08,  4.171203827287004E+08,  2.067978582160807E+07
2462162.500000000, A.D. 2029-Jan-26 00:00:00.0000, -1.329064963183438E+08,  4.166833769364263E+08,  2.077984999741957E+07
2462163.500000000, A.D. 2029-Jan-27 00:00:00.0000, -1.338860516430158E+08,  4.162414585620219E+08,  2.087966937099048E+07
2462164.500000000, A.D. 2029-Jan-28 00:00:00.0000, -1.348640266427289E+08,  4.157946288646760E+08,  2.097924256779414E+07
2462165.500000000, A.D. 2029-Jan-29 00:00:00.0000, -1.358404084745647E+08,  4.153428890804152E+08,  2.107856820979947E+07
2462166.500000000, A.D. 2029-Jan-30 00:00:00.0000, -1.368151842660619E+08,  4.148862404222117E+08,  2.117764491541463E+07
2462167.500000000, A.D. 2029-Jan-31 00:00:00.0000, -1.377883411146788E+08,  4.144246840800921E+08,  2.127647129942989E+07
2462168.500000000, A.D. 2029-Feb-01 00:00:00.0000, -1.387598660872537E+08,  4.139582212212461E+08,  2.137504597296092E+07
2462169.500000000, A.D. 2029-Feb-02 00:00:00.0000, -1.397297462194625E+08,  4.134868529901369E+08,  2.147336754339114E+07
2462170.500000000, A.D. 2029-Feb-03 00:00:00.0000, -1.406979685152739E+08,  4.130105805086118E+08,  2.157143461431429E+07
2462171.500000000, A.D. 2029-Feb-04 00:00:00.0000, -1.416645199464017E+08,  4.125294048760130E+08,  2.166924578547651E+07
2462172.500000000, A.D. 2029-Feb-05 00:00:00.0000, -1.426293874517553E+08,  4.120433271692908E+08,  2.176679965271816E+07
2462173.500000000, A.D. 2029-Feb-06 00:00:00.0000, -1.435925579368863E+08,  4.115523484431155E+08,  2.186409480791545E+07
2462174.500000000, A.D. 2029-Feb-07 00:00:00.0000, -1.445540182734334E+08,  4.110564697299917E+08,  2.196112983892167E+07
2462175.500000000, A.D. 2029-Feb-08 00:00:00.0000, -1.455137552985637E+08,  4.105556920403727E+08,  2.205790332950819E+07
2462176.500000000, A.D. 2029-Feb-09 00:00:00.0000, -1.464717558144115E+08,  4.100500163627759E+08,  2.215441385930514E+07
2462177.500000000, A.D. 2029-Feb-10 00:00:00.0000, -1.474280065875138E+08,  4.095394436638995E+08,  2.225066000374156E+07
2462178.500000000, A.D. 2029-Feb-11 00:00:00.0000, -1.483824943482435E+08,  4.090239748887392E+08,  2.234664033398598E+07
2462179.500000000, A.D. 2029-Feb-12 00:00:00.0000, -1.493352057902386E+08,  4.085036109607068E+08,  2.244235341688541E+07
2462180.500000000, A.D. 2029-Feb-13 00:00:00.0000, -1.502861275698289E+08,  4.079783527817488E+08,  2.253779781490535E+07
2462181.500000000, A.D. 2029-Feb-14 00:00:00.0000, -1.512352463054595E+08,  4.074482012324674E+08,  2.263297208606866E+07
2462182.500000000, A.D. 2029-Feb-15 00:00:00.0000, -1.521825485771103E+08,  4.069131571722410E+08,  2.272787478389415E+07
2462183.500000000, A.D. 2029-Feb-16 00:00:00.0000, -1.531280209257133E+08,  4.063732214393468E+08,  2.282250445733508E+07
2462184.500000000, A.D. 2029-Feb-17 00:00:00.0000, -1.540716498525658E+08,  4.058283948510838E+08,  2.291685965071723E+07
2462185.500000000, A.D. 2029-Feb-18 00:00:00.0000, -1.550134218187402E+08,  4.052786782038972E+08,  2.301093890367672E+07
2462186.500000000, A.D. 2029-Feb-19 00:00:00.0000, -1.559533232444901E+08,  4.047240722735049E+08,  2.310474075109676E+07
2462187.500000000, A.D. 2029-Feb-20 00:00:00.0000, -1.568913405086539E+08,  4.041645778150227E+08,  2.319826372304523E+07
2462188.500000000, A.D. 2029-Feb-21 00:00:00.0000, -1.578274599480532E+08,  4.036001955630934E+08,  2.329150634471092E+07
2462189.500000000, A.D. 2029-Feb-22 00:00:00.0000, -1.587616678568885E+08,  4.030309262320158E+08,  2.338446713633972E+07
2462190.500000000, A.D. 2029-Feb-23 00:00:00.0000, -1.596939504861310E+08,  4.024567705158747E+08,  2.347714461317044E+07
2462191.500000000, A.D. 2029-Feb-24 00:00:00.0000, -1.606242940429103E+08,  4.018777290886737E+08,  2.356953728537038E+07
2462192.500000000, A.D. 2029-Feb-25 00:00:00.0000, -1.615526846898986E+08,  4.012938026044668E+08,  2.366164365796971E+07
2462193.500000000, A.D. 2029-Feb-26 00:00:00.0000, -1.624791085446899E+08,  4.007049916974941E+08,  2.375346223079705E+07
2462194.500000000, A.D. 2029-Feb-27 00:00:00.0000, -1.634035516791769E+08,  4.001112969823174E+08,  2.384499149841264E+07
2462195.500000000, A.D. 2029-Feb-28 00:00:00.0000, -1.643260001189219E+08,  3.995127190539575E+08,  2.393622995004255E+07
2462196.500000000, A.D. 2029-Mar-01 00:00:00.0000, -1.652464398425248E+08,  3.989092584880328E+08,  2.402717606951195E+07
2462197.500000000, A.D. 2029-Mar-02 00:00:00.0000, -1.661648567809866E+08,  3.983009158408995E+08,  2.411782833517805E+07
2462198.500000000, A.D. 2029-Mar-03 00:00:00.0000, -1.670812368170679E+08,  3.976876916497946E+08,  2.420818521986207E+07
2462199.500000000, A.D. 2029-Mar-04 00:00:00.0000, -1.679955657846437E+08,  3.970695864329779E+08,  2.429824519078174E+07
2462200.500000000, A.D. 2029-Mar-05 00:00:00.0000, -1.689078294680538E+08,  3.964466006898783E+08,  2.438800670948252E+07
2462201.500000000, A.D. 2029-Mar-06 00:00:00.0000, -1.698180136014477E+08,  3.958187349012396E+08,  2.447746823176876E+07
2462202.500000000, A.D. 2029-Mar-07 00:00:00.0000, -1.707261038681261E+08,  3.951859895292699E+08,  2.456662820763388E+07
2462203.500000000, A.D. 2029-Mar-08 00:00:00.0000, -1.716320858998768E+08,  3.945483650177915E+08,  2.465548508119112E+07
2462204.500000000, A.D. 2029-Mar-09 00:00:00.0000, -1.725359452763065E+08,  3.939058617923925E+08,  2.474403729060227E+07
2462205.500000000, A.D. 2029-Mar-10 00:00:00.0000, -1.734376675241666E+08,  3.932584802605816E+08,  2.483228326800737E+07
2462206.500000000, A.D. 2029-Mar-11 00:00:00.0000, -1.743372381166759E+08,  3.926062208119431E+08,  2.492022143945321E+07
2462207.500000000, A.D. 2029-Mar-12 00:00:00.0000, -1.752346424728363E+08,  3.919490838182945E+08,  2.500785022482121E+07
2462208.500000000, A.D. 2029-Mar-13 00:00:00.0000, -1.761298659567449E+08,  3.912870696338472E+08,  2.509516803775486E+07
2462209.500000000, A.D. 2029-Mar-14 00:00:00.0000, -1.770228938768999E+08,  3.906201785953673E+08,  2.518217328558689E+07
2462210.500000000, A.D. 2029-Mar-15 00:00:00.0000, -1.779137114855024E+08,  3.899484110223393E+08,  2.526886436926579E+07
2462211.500000000, A.D. 2029-Mar-16 00:00:00.0000, -1.788023039777513E+08,  3.892717672171323E+08,  2.535523968328157E+07
2462212.500000000, A.D. 2029-Mar-17 00:00:00.0000, -1.796886564911343E+08,  3.885902474651679E+08,  2.544129761559108E+07
2462213.500000000, A.D. 2029-Mar-18 00:00:00.0000, -1.805727541047122E+08,  3.879038520350910E+08,  2.552703654754296E+07
2462214.500000000, A.D. 2029-Mar-19 00:00:00.0000, -1.814545818383988E+08,  3.872125811789405E+08,  2.561245485380182E+07
2462215.500000000, A.D. 2029-Mar-20 00:00:00.0000, -1.823341246522337E+08,  3.865164351323265E+08,  2.569755090227157E+07
2462216.500000000, A.D. 2029-Mar-21 00:00:00.0000, -1.832113674456508E+08,  3.858154141146057E+08,  2.578232305401906E+07
2462217.500000000, A.D. 2029-Mar-22 00:00:00.0000, -1.840862950567397E+08,  3.851095183290614E+08,  2.586676966319588E+07
2462218.500000000, A.D. 2029-Mar-23 00:00:00.0000, -1.849588922615021E+08,  3.843987479630860E+08,  2.595088907696071E+07
2462219.500000000, A.D. 2029-Mar-24 00:00:00.0000, -1.858291437731012E+08,  3.836831031883650E+08,  2.603467963540021E+07
2462220.500000000, A.D. 2029-Mar-25 00:00:00.0000, -1.866970342411065E+08,  3.829625841610645E+08,  2.611813967144963E+07
2462221.500000000, A.D. 2029-Mar-26 00:00:00.0000, -1.875625482507304E+08,  3.822371910220206E+08,  2.620126751081306E+07
2462222.500000000, A.D. 2029-Mar-27 00:00:00.0000, -1.884256703220601E+08,  3.815069238969321E+08,  2.628406147188234E+07
2462223.500000000, A.D. 2029-Mar-28 00:00:00.0000, -1.892863849092828E+08,  3.807717828965563E+08,  2.636651986565605E+07
2462224.500000000, A.D. 2029-Mar-29 00:00:00.0000, -1.901446763999035E+08,  3.800317681169057E+08,  2.644864099565729E+07
2462225.500000000, A.D. 2029-Mar-30 00:00:00.0000, -1.910005291139572E+08,  3.792868796394504E+08,  2.653042315785101E+07
2462226.500000000, A.D. 2029-Mar-31 00:00:00.0000, -1.918539273032142E+08,  3.785371175313209E+08,  2.661186464056097E+07
2462227.500000000, A.D. 2029-Apr-01 00:00:00.0000, -1.927048551503783E+08,  3.777824818455160E+08,  2.669296372438516E+07
2462228.500000000, A.D. 2029-Apr-02 00:00:00.0000, -1.935532967682788E+08,  3.770229726211118E+08,  2.677371868211140E+07
2462229.500000000, A.D. 2029-Apr-03 00:00:00.0000, -1.943992361990544E+08,  3.762585898834754E+08,  2.685412777863194E+07
2462230.500000000, A.D. 2029-Apr-04 00:00:00.0000, -1.952426574133312E+08,  3.754893336444821E+08,  2.693418927085689E+07
2462231.500000000, A.D. 2029-Apr-05 00:00:00.0000, -1.960835443093929E+08,  3.747152039027339E+08,  2.701390140762782E+07
2462232.500000000, A.D. 2029-Apr-06 00:00:00.0000, -1.969218807123454E+08,  3.739362006437827E+08,  2.709326242962950E+07
2462233.500000000, A.D. 2029-Apr-07 00:00:00.0000, -1.977576503732689E+08,  3.731523238403585E+08,  2.717227056930226E+07
2462234.500000000, A.D. 2029-Apr-08 00:00:00.0000, -1.985908369683694E+08,  3.723635734525982E+08,  2.725092405075189E+07
2462235.500000000, A.D. 2029-Apr-09 00:00:00.0000, -1.994214240981182E+08,  3.715699494282803E+08,  2.732922108966057E+07
2462236.500000000, A.D. 2029-Apr-10 00:00:00.0000, -2.002493952863846E+08,  3.707714517030623E+08,  2.740715989319550E+07
2462237.500000000, A.D. 2029-Apr-11 00:00:00.0000, -2.010747339795611E+08,  3.699680802007219E+08,  2.748473865991762E+07
2462238.500000000, A.D. 2029-Apr-12 00:00:00.0000, -2.018974235456799E+08,  3.691598348334025E+08,  2.756195557968949E+07
2462239.500000000, A.D. 2029-Apr-13 00:00:00.0000, -2.027174472735223E+08,  3.683467155018628E+08,  2.763880883358155E+07
2462240.500000000, A.D. 2029-Apr-14 00:00:00.0000, -2.035347883717189E+08,  3.675287220957293E+08,  2.771529659377873E+07
2462241.500000000, A.D. 2029-Apr-15 00:00:00.0000, -2.043494299678420E+08,  3.667058544937544E+08,  2.779141702348520E+07
2462242.500000000, A.D. 2029-Apr-16 00:00:00.0000, -2.051613551074890E+08,  3.658781125640775E+08,  2.786716827682884E+07
2462243.500000000, A.D. 2029-Apr-17 00:00:00.0000, -2.059705467533582E+08,  3.650454961644903E+08,  2.794254849876469E+07
2462244.500000000, A.D. 2029-Apr-18 00:00:00.0000, -2.067769877843147E+08,  3.642080051427078E+08,  2.801755582497735E+07
2462245.500000000, A.D. 2029-Apr-19 00:00:00.0000, -2.075806609944478E+08,  3.633656393366420E+08,  2.809218838178286E+07
2462246.500000000, A.D. 2029-Apr-20 00:00:00.0000, -2.083815490921206E+08,  3.625183985746806E+08,  2.816644428602929E+07
2462247.500000000, A.D. 2029-Apr-21 00:00:00.0000, -2.091796346990089E+08,  3.616662826759713E+08,  2.824032164499667E+07
2462248.500000000, A.D. 2029-Apr-22 00:00:00.0000, -2.099749003491319E+08,  3.608092914507096E+08,  2.831381855629589E+07
2462249.500000000, A.D. 2029-Apr-23 00:00:00.0000, -2.107673284878732E+08,  3.599474247004319E+08,  2.838693310776673E+07
2462250.500000000, A.D. 2029-Apr-24 00:00:00.0000, -2.115569014709933E+08,  3.590806822183141E+08,  2.845966337737468E+07
2462251.500000000, A.D. 2029-Apr-25 00:00:00.0000, -2.123436015636308E+08,  3.582090637894736E+08,  2.853200743310745E+07
2462252.500000000, A.D. 2029-Apr-26 00:00:00.0000, -2.131274109392958E+08,  3.573325691912786E+08,  2.860396333286954E+07
2462253.500000000, A.D. 2029-Apr-27 00:00:00.0000, -2.139083116788522E+08,  3.564511981936615E+08,  2.867552912437665E+07
2462254.500000000, A.D. 2029-Apr-28 00:00:00.0000, -2.146862857694908E+08,  3.555649505594376E+08,  2.874670284504887E+07
2462255.500000000, A.D. 2029-Apr-29 00:00:00.0000, -2.154613151036915E+08,  3.546738260446305E+08,  2.881748252190234E+07
2462256.500000000, A.D. 2029-Apr-30 00:00:00.0000, -2.162333814781760E+08,  3.537778243988013E+08,  2.888786617144082E+07
2462257.500000000, A.D. 2029-May-01 00:00:00.0000, -2.170024665928501E+08,  3.528769453653855E+08,  2.895785179954535E+07
2462258.500000000, A.D. 2029-May-02 00:00:00.0000, -2.177685520497344E+08,  3.519711886820345E+08,  2.902743740136316E+07
2462259.500000000, A.D. 2029-May-03 00:00:00.0000, -2.185316193518857E+08,  3.510605540809641E+08,  2.909662096119583E+07
2462260.500000000, A.D. 2029-May-04 00:00:00.0000, -2.192916499023066E+08,  3.501450412893080E+08,  2.916540045238589E+07
2462261.500000000, A.D. 2029-May-05 00:00:00.0000, -2.200486250028444E+08,  3.492246500294790E+08,  2.923377383720253E+07
2462262.500000000, A.D. 2029-May-06 00:00:00.0000, -2.208025258530788E+08,  3.482993800195355E+08,  2.930173906672616E+07
2462263.500000000, A.D. 2029-May-07 00:00:00.0000, -2.215533335491982E+08,  3.473692309735553E+08,  2.936929408073182E+07
2462264.500000000, A.D. 2029-May-08 00:00:00.0000, -2.223010290828649E+08,  3.464342026020152E+08,  2.943643680757153E+07
2462265.500000000, A.D. 2029-May-09 00:00:00.0000, -2.230455933400679E+08,  3.454942946121791E+08,  2.950316516405533E+07
2462266.500000000, A.D. 2029-May-10 00:00:00.0000, -2.237870070999644E+08,  3.445495067084916E+08,  2.956947705533129E+07
2462267.500000000, A.D. 2029-May-11 00:00:00.0000, -2.245252510337095E+08,  3.435998385929787E+08,  2.963537037476425E+07
2462268.500000000, A.D. 2029-May-12 00:00:00.0000, -2.252603057032730E+08,  3.426452899656574E+08,  2.970084300381327E+07
2462269.500000000, A.D. 2029-May-13 00:00:00.0000, -2.259921515602447E+08,  3.416858605249510E+08,  2.976589281190826E+07
2462270.500000000, A.D. 2029-May-14 00:00:00.0000, -2.267207689446268E+08,  3.407215499681129E+08,  2.983051765632454E+07
2462271.500000000, A.D. 2029-May-15 00:00:00.0000, -2.274461380836133E+08,  3.397523579916586E+08,  2.989471538205698E+07
2462272.500000000, A.D. 2029-May-16 00:00:00.0000, -2.281682390903573E+08,  3.387782842918047E+08,  2.995848382169260E+07
2462273.500000000, A.D. 2029-May-17 00:00:00.0000, -2.288870519627244E+08,  3.377993285649162E+08,  3.002182079528151E+07
2462274.500000000, A.D. 2029-May-18 00:00:00.0000, -2.296025565820338E+08,  3.368154905079629E+08,  3.008472411020724E+07
2462275.500000000, A.D. 2029-May-19 00:00:00.0000, -2.303147327117849E+08,  3.358267698189838E+08,  3.014719156105484E+07
2462276.500000000, A.D. 2029-May-20 00:00:00.0000, -2.310235599963714E+08,  3.348331661975596E+08,  3.020922092947859E+07
2462277.500000000, A.D. 2029-May-21 00:00:00.0000, -2.317290179597806E+08,  3.338346793452953E+08,  3.027080998406769E+07
2462278.500000000, A.D. 2029-May-22 00:00:00.0000, -2.324310860042793E+08,  3.328313089663109E+08,  3.033195648021072E+07
2462279.500000000, A.D. 2029-May-23 00:00:00.0000, -2.331297434090855E+08,  3.318230547677414E+08,  3.039265815995890E+07
2462280.500000000, A.D. 2029-May-24 00:00:00.0000, -2.338249693290251E+08,  3.308099164602466E+08,  3.045291275188759E+07
2462281.500000000, A.D. 2029-May-25 00:00:00.0000, -2.345167427931749E+08,  3.297918937585309E+08,  3.051271797095662E+07
2462282.500000000, A.D. 2029-May-26 00:00:00.0000, -2.352050427034897E+08,  3.287689863818715E+08,  3.057207151836915E+07
2462283.500000000, A.D. 2029-May-27 00:00:00.0000, -2.358898478334153E+08,  3.277411940546584E+08,  3.063097108142880E+07
2462284.500000000, A.D. 2029-May-28 00:00:00.0000, -2.365711368264856E+08,  3.267085165069438E+08,  3.068941433339553E+07
2462285.500000000, A.D. 2029-May-29 00:00:00.0000, -2.372488881949045E+08,  3.256709534750018E+08,  3.074739893334006E+07
2462286.500000000, A.D. 2029-May-30 00:00:00.0000, -2.379230803181124E+08,  3.246285047018990E+08,  3.080492252599619E+07
2462287.500000000, A.D. 2029-May-31 00:00:00.0000, -2.385936914413355E+08,  3.235811699380769E+08,  3.086198274161252E+07
2462288.500000000, A.D. 2029-Jun-01 00:00:00.0000, -2.392606996741207E+08,  3.225289489419435E+08,  3.091857719580159E+07
2462289.500000000, A.D. 2029-Jun-02 00:00:00.0000, -2.399240829888528E+08,  3.214718414804792E+08,  3.097470348938794E+07
2462290.500000000, A.D. 2029-Jun-03 00:00:00.0000, -2.405838192192556E+08,  3.204098473298507E+08,  3.103035920825481E+07
2462291.500000000, A.D. 2029-Jun-04 00:00:00.0000, -2.412398860588761E+08,  3.193429662760404E+08,  3.108554192318828E+07
2462292.500000000, A.D. 2029-Jun-05 00:00:00.0000, -2.418922610595511E+08,  3.182711981154857E+08,  3.114024918972048E+07
2462293.500000000, A.D. 2029-Jun-06 00:00:00.0000, -2.425409216298575E+08,  3.171945426557306E+08,  3.119447854797134E+07
2462294.500000000, A.D. 2029-Jun-07 00:00:00.0000, -2.431858450335438E+08,  3.161129997160923E+08,  3.124822752248734E+07
2462295.500000000, A.D. 2029-Jun-08 00:00:00.0000, -2.438270083879445E+08,  3.150265691283376E+08,  3.130149362208010E+07
2462296.500000000, A.D. 2029-Jun-09 00:00:00.0000, -2.444643886623762E+08,  3.139352507373745E+08,  3.135427433966227E+07
2462297.500000000, A.D. 2029-Jun-10 00:00:00.0000, -2.450979626765153E+08,  3.128390444019572E+08,  3.140656715208142E+07
2462298.500000000, A.D. 2029-Jun-11 00:00:00.0000, -2.457277070987570E+08,  3.117379499954038E+08,  3.145836951995310E+07
2462299.500000000, A.D. 2029-Jun-12 00:00:00.0000, -2.463535984445561E+08,  3.106319674063291E+08,  3.150967888749100E+07
2462300.500000000, A.D. 2029-Jun-13 00:00:00.0000, -2.469756130747473E+08,  3.095210965393916E+08,  3.156049268233599E+07
2462301.500000000, A.D. 2029-Jun-14 00:00:00.0000, -2.475937271938475E+08,  3.084053373160540E+08,  3.161080831538282E+07
2462302.500000000, A.D. 2029-Jun-15 00:00:00.0000, -2.482079168483377E+08,  3.072846896753612E+08,  3.166062318060511E+07
2462303.500000000, A.D. 2029-Jun-16 00:00:00.0000, -2.488181579249251E+08,  3.061591535747305E+08,  3.170993465487875E+07
2462304.500000000, A.D. 2029-Jun-17 00:00:00.0000, -2.494244261487850E+08,  3.050287289907603E+08,  3.175874009780203E+07
2462305.500000000, A.D. 2029-Jun-18 00:00:00.0000, -2.500266970817823E+08,  3.038934159200526E+08,  3.180703685151564E+07
2462306.500000000, A.D. 2029-Jun-19 00:00:00.0000, -2.506249461206722E+08,  3.027532143800533E+08,  3.185482224051939E+07
2462307.500000000, A.D. 2029-Jun-20 00:00:00.0000, -2.512191484952796E+08,  3.016081244099087E+08,  3.190209357148692E+07
2462308.500000000, A.D. 2029-Jun-21 00:00:00.0000, -2.518092792666576E+08,  3.004581460713387E+08,  3.194884813307907E+07
2462309.500000000, A.D. 2029-Jun-22 00:00:00.0000, -2.523953133252241E+08,  2.993032794495282E+08,  3.199508319575448E+07
2462310.500000000, A.D. 2029-Jun-23 00:00:00.0000, -2.529772253888764E+08,  2.981435246540357E+08,  3.204079601157846E+07
2462311.500000000, A.D. 2029-Jun-24 00:00:00.0000, -2.535549900010837E+08,  2.969788818197209E+08,  3.208598381402943E+07
2462312.500000000, A.D. 2029-Jun-25 00:00:00.0000, -2.541285815289571E+08,  2.958093511076896E+08,  3.213064381780331E+07
2462313.500000000, A.D. 2029-Jun-26 00:00:00.0000, -2.546979741612969E+08,  2.946349327062596E+08,  3.217477321861595E+07
2462314.500000000, A.D. 2029-Jun-27 00:00:00.0000, -2.552631419066164E+08,  2.934556268319443E+08,  3.221836919300285E+07
2462315.500000000, A.D. 2029-Jun-28 00:00:00.0000, -2.558240585911421E+08,  2.922714337304577E+08,  3.226142889811701E+07
2462316.500000000, A.D. 2029-Jun-29 00:00:00.0000, -2.563806978567910E+08,  2.910823536777381E+08,  3.230394947152442E+07
2462317.500000000, A.D. 2029-Jun-30 00:00:00.0000, -2.569330331591231E+08,  2.898883869809950E+08,  3.234592803099711E+07
2462318.500000000, A.D. 2029-Jul-01 00:00:00.0000, -2.574810377652691E+08,  2.886895339797752E+08,  3.238736167430386E+07
2462319.500000000, A.D. 2029-Jul-02 00:00:00.0000, -2.580246847518345E+08,  2.874857950470517E+08,  3.242824747899894E+07
2462320.500000000, A.D. 2029-Jul-03 00:00:00.0000, -2.585639470027776E+08,  2.862771705903352E+08,  3.246858250220773E+07
2462321.500000000, A.D. 2029-Jul-04 00:00:00.0000, -2.590987972072623E+08,  2.850636610528082E+08,  3.250836378041056E+07
2462322.500000000, A.D. 2029-Jul-05 00:00:00.0000, -2.596292078574853E+08,  2.838452669144819E+08,  3.254758832922392E+07
2462323.500000000, A.D. 2029-Jul-06 00:00:00.0000, -2.601551512464768E+08,  2.826219886933783E+08,  3.258625314317892E+07
2462324.500000000, A.D. 2029-Jul-07 00:00:00.0000, -2.606765994658755E+08,  2.813938269467357E+08,  3.262435519549757E+07
2462325.500000000, A.D. 2029-Jul-08 00:00:00.0000, -2.611935244036753E+08,  2.801607822722400E+08,  3.266189143786639E+07
2462326.500000000, A.D. 2029-Jul-09 00:00:00.0000, -2.617058977419457E+08,  2.789228553092809E+08,  3.269885880020717E+07
2462327.500000000, A.D. 2029-Jul-10 00:00:00.0000, -2.622136909545240E+08,  2.776800467402358E+08,  3.273525419044580E+07
2462328.500000000, A.D. 2029-Jul-11 00:00:00.0000, -2.627168753046798E+08,  2.764323572917781E+08,  3.277107449427749E+07
2462329.500000000, A.D. 2029-Jul-12 00:00:00.0000, -2.632154218427509E+08,  2.751797877362155E+08,  3.280631657493025E+07
2462330.500000000, A.D. 2029-Jul-13 00:00:00.0000, -2.637093014037490E+08,  2.739223388928545E+08,  3.284097727292512E+07
2462331.500000000, A.D. 2029-Jul-14 00:00:00.0000, -2.641984846049384E+08,  2.726600116293941E+08,  3.287505340583359E+07
2462332.500000000, A.D. 2029-Jul-15 00:00:00.0000, -2.646829418433823E+08,  2.713928068633496E+08,  3.290854176803246E+07
2462333.500000000, A.D. 2029-Jul-16 00:00:00.0000, -2.651626432934610E+08,  2.701207255635046E+08,  3.294143913045596E+07
2462334.500000000, A.D. 2029-Jul-17 00:00:00.0000, -2.656375589043580E+08,  2.688437687513950E+08,  3.297374224034457E+07
2462335.500000000, A.D. 2029-Jul-18 00:00:00.0000, -2.661076583975164E+08,  2.675619375028237E+08,  3.300544782099147E+07
2462336.500000000, A.D. 2029-Jul-19 00:00:00.0000, -2.665729112640622E+08,  2.662752329494074E+08,  3.303655257148561E+07
2462337.500000000, A.D. 2029-Jul-20 00:00:00.0000, -2.670332867621973E+08,  2.649836562801562E+08,  3.306705316645214E+07
2462338.500000000, A.D. 2029-Jul-21 00:00:00.0000, -2.674887539145596E+08,  2.636872087430864E+08,  3.309694625578964E+07
2462339.500000000, A.D. 2029-Jul-22 00:00:00.0000, -2.679392815055499E+08,  2.623858916468681E+08,  3.312622846440436E+07
2462340.500000000, A.D. 2029-Jul-23 00:00:00.0000, -2.683848380786266E+08,  2.610797063625071E+08,  3.315489639194149E+07
2462341.500000000, A.D. 2029-Jul-24 00:00:00.0000, -2.688253919335660E+08,  2.597686543250638E+08,  3.318294661251307E+07
2462342.500000000, A.D. 2029-Jul-25 00:00:00.0000, -2.692609111236887E+08,  2.584527370354074E+08,  3.321037567442301E+07
2462343.500000000, A.D. 2029-Jul-26 00:00:00.0000, -2.696913634530523E+08,  2.571319560620093E+08,  3.323718009988883E+07
2462344.500000000, A.D. 2029-Jul-27 00:00:00.0000, -2.701167164736075E+08,  2.558063130427736E+08,  3.326335638476010E+07
2462345.500000000, A.D. 2029-Jul-28 00:00:00.0000, -2.705369374823203E+08,  2.544758096869078E+08,  3.328890099823366E+07
2462346.500000000, A.D. 2029-Jul-29 00:00:00.0000, -2.709519935182574E+08,  2.531404477768335E+08,  3.331381038256569E+07
2462347.500000000, A.D. 2029-Jul-30 00:00:00.0000, -2.713618513596352E+08,  2.518002291701383E+08,  3.333808095278016E+07
2462348.500000000, A.D. 2029-Jul-31 00:00:00.0000, -2.717664775208322E+08,  2.504551558015705E+08,  3.336170909637409E+07
2462349.500000000, A.D. 2029-Aug-01 00:00:00.0000, -2.721658382493638E+08,  2.491052296850759E+08,  3.338469117301950E+07
2462350.500000000, A.D. 2029-Aug-02 00:00:00.0000, -2.725598995228190E+08,  2.477504529158800E+08,  3.340702351426145E+07
2462351.500000000, A.D. 2029-Aug-03 00:00:00.0000, -2.729486270457584E+08,  2.463908276726145E+08,  3.342870242321324E+07
2462352.500000000, A.D. 2029-Aug-04 00:00:00.0000, -2.733319862465746E+08,  2.450263562194911E+08,  3.344972417424740E+07
2462353.500000000, A.D. 2029-Aug-05 00:00:00.0000, -2.737099422743111E+08,  2.436570409085215E+08,  3.347008501268364E+07
2462354.500000000, A.D. 2029-Aug-06 00:00:00.0000, -2.740824599954426E+08,  2.422828841817871E+08,  3.348978115447293E+07
2462355.500000000, A.D. 2029-Aug-07 00:00:00.0000, -2.744495039906144E+08,  2.409038885737577E+08,  3.350880878587784E+07
2462356.500000000, A.D. 2029-Aug-08 00:00:00.0000, -2.748110385513405E+08,  2.395200567136615E+08,  3.352716406314950E+07
2462357.500000000, A.D. 2029-Aug-09 00:00:00.0000, -2.751670276766604E+08,  2.381313913279063E+08,  3.354484311220042E+07
2462358.500000000, A.D. 2029-Aug-10 00:00:00.0000, -2.755174350697535E+08,  2.367378952425554E+08,  3.356184202827393E+07
2462359.500000000, A.D. 2029-Aug-11 00:00:00.0000, -2.758622241345111E+08,  2.353395713858568E+08,  3.357815687560941E+07
2462360.500000000, A.D. 2029-Aug-12 00:00:00.0000, -2.762013579720645E+08,  2.339364227908288E+08,  3.359378368710408E+07
2462361.500000000, A.D. 2029-Aug-13 00:00:00.0000, -2.765347993772700E+08,  2.325284525979030E+08,  3.360871846397057E+07
2462362.500000000, A.D. 2029-Aug-14 00:00:00.0000, -2.768625108351496E+08,  2.311156640576258E+08,  3.362295717539057E+07
2462363.500000000, A.D. 2029-Aug-15 00:00:00.0000, -2.771844545172858E+08,  2.296980605334192E+08,  3.363649575816473E+07
2462364.500000000, A.D. 2029-Aug-16 00:00:00.0000, -2.775005922781718E+08,  2.282756455044041E+08,  3.364933011635835E+07
2462365.500000000, A.D. 2029-Aug-17 00:00:00.0000, -2.778108856515154E+08,  2.268484225682859E+08,  3.366145612094308E+07
2462366.500000000, A.D. 2029-Aug-18 00:00:00.0000, -2.781152958464964E+08,  2.254163954443047E+08,  3.367286960943443E+07
2462367.500000000, A.D. 2029-Aug-19 00:00:00.0000, -2.784137837439761E+08,  2.239795679762513E+08,  3.368356638552527E+07
2462368.500000000, A.D. 2029-Aug-20 00:00:00.0000, -2.787063098926599E+08,  2.225379441355509E+08,  3.369354221871524E+07
2462369.500000000, A.D. 2029-Aug-21 00:00:00.0000, -2.789928345052110E+08,  2.210915280244165E+08,  3.370279284393549E+07
2462370.500000000, A.D. 2029-Aug-22 00:00:00.0000, -2.792733174543149E+08,  2.196403238790721E+08,  3.371131396116978E+07
2462371.500000000, A.D. 2029-Aug-23 00:00:00.0000, -2.795477182686955E+08,  2.181843360730501E+08,  3.371910123507085E+07
2462372.500000000, A.D. 2029-Aug-24 00:00:00.0000, -2.798159961290790E+08,  2.167235691205611E+08,  3.372615029457271E+07
2462373.500000000, A.D. 2029-Aug-25 00:00:00.0000, -2.800781098641095E+08,  2.152580276799425E+08,  3.373245673249826E+07
2462374.500000000, A.D. 2029-Aug-26 00:00:00.0000, -2.803340179462108E+08,  2.137877165571824E+08,  3.373801610516296E+07
2462375.500000000, A.D. 2029-Aug-27 00:00:00.0000, -2.805836784873985E+08,  2.123126407095260E+08,  3.374282393197355E+07
2462376.500000000, A.D. 2029-Aug-28 00:00:00.0000, -2.808270492350380E+08,  2.108328052491620E+08,  3.374687569502290E+07
2462377.500000000, A.D. 2029-Aug-29 00:00:00.0000, -2.810640875675500E+08,  2.093482154469950E+08,  3.375016683867957E+07
2462378.500000000, A.D. 2029-Aug-30 00:00:00.0000, -2.812947504900619E+08,  2.078588767365016E+08,  3.375269276917371E+07
2462379.500000000, A.D. 2029-Aug-31 00:00:00.0000, -2.815189946300057E+08,  2.063647947176771E+08,  3.375444885417759E+07
2462380.500000000, A.D. 2029-Sep-01 00:00:00.0000, -2.817367762326599E+08,  2.048659751610708E+08,  3.375543042238213E+07
2462381.500000000, A.D. 2029-Sep-02 00:00:00.0000, -2.819480511566367E+08,  2.033624240119151E+08,  3.375563276306835E+07
2462382.500000000, A.D. 2029-Sep-03 00:00:00.0000, -2.821527748693123E+08,  2.018541473943485E+08,  3.375505112567447E+07
2462383.500000000, A.D. 2029-Sep-04 00:00:00.0000, -2.823509024422016E+08,  2.003411516157371E+08,  3.375368071935816E+07
2462384.500000000, A.D. 2029-Sep-05 00:00:00.0000, -2.825423885462744E+08,  1.988234431710948E+08,  3.375151671255407E+07
2462385.500000000, A.D. 2029-Sep-06 00:00:00.0000, -2.827271874472144E+08,  1.973010287476060E+08,  3.374855423252667E+07
2462386.500000000, A.D. 2029-Sep-07 00:00:00.0000, -2.829052530006199E+08,  1.957739152292535E+08,  3.374478836491827E+07
2462387.500000000, A.D. 2029-Sep-08 00:00:00.0000, -2.830765386471450E+08,  1.942421097015533E+08,  3.374021415329230E+07
2462388.500000000, A.D. 2029-Sep-09 00:00:00.0000, -2.832409974075810E+08,  1.927056194563994E+08,  3.373482659867164E+07
2462389.500000000, A.D. 2029-Sep-10 00:00:00.0000, -2.833985818778785E+08,  1.911644519970224E+08,  3.372862065907234E+07
2462390.500000000, A.D. 2029-Sep-11 00:00:00.0000, -2.835492442241080E+08,  1.896186150430624E+08,  3.372159124903224E+07
2462391.500000000, A.D. 2029-Sep-12 00:00:00.0000, -2.836929361773599E+08,  1.880681165357617E+08,  3.371373323913484E+07
2462392.500000000, A.D. 2029-Sep-13 00:00:00.0000, -2.838296090285818E+08,  1.865129646432782E+08,  3.370504145552848E+07
2462393.500000000, A.D. 2029-Sep-14 00:00:00.0000, -2.839592136233538E+08,  1.849531677661245E+08,  3.369551067944013E+07
2462394.500000000, A.D. 2029-Sep-15 00:00:00.0000, -2.840817003566019E+08,  1.833887345427340E+08,  3.368513564668486E+07
2462395.500000000, A.D. 2029-Sep-16 00:00:00.0000, -2.841970191672465E+08,  1.818196738551584E+08,  3.367391104716990E+07
2462396.500000000, A.D. 2029-Sep-17 00:00:00.0000, -2.843051195327881E+08,  1.802459948348999E+08,  3.366183152439419E+07
2462397.500000000, A.D. 2029-Sep-18 00:00:00.0000, -2.844059504638283E+08,  1.786677068688805E+08,  3.364889167494271E+07
2462398.500000000, A.D. 2029-Sep-19 00:00:00.0000, -2.844994604985260E+08,  1.770848196055538E+08,  3.363508604797611E+07
2462399.500000000, A.D. 2029-Sep-20 00:00:00.0000, -2.845855976969887E+08,  1.754973429611607E+08,  3.362040914471543E+07
2462400.500000000, A.D. 2029-Sep-21 00:00:00.0000, -2.846643096355973E+08,  1.739052871261344E+08,  3.360485541792173E+07
2462401.500000000, A.D. 2029-Sep-22 00:00:00.0000, -2.847355434012663E+08,  1.723086625716577E+08,  3.358841927137108E+07
2462402.500000000, A.D. 2029-Sep-23 00:00:00.0000, -2.847992455856360E+08,  1.707074800563771E+08,  3.357109505932458E+07
2462403.500000000, A.D. 2029-Sep-24 00:00:00.0000, -2.848553622791991E+08,  1.691017506332762E+08,  3.355287708599353E+07
2462404.500000000, A.D. 2029-Sep-25 00:00:00.0000, -2.849038390653597E+08,  1.674914856567156E+08,  3.353375960499988E+07
2462405.500000000, A.D. 2029-Sep-26 00:00:00.0000, -2.849446210144247E+08,  1.658766967896391E+08,  3.351373681883173E+07
2462406.500000000, A.D. 2029-Sep-27 00:00:00.0000, -2.849776526775283E+08,  1.642573960109558E+08,  3.349280287829443E+07
2462407.500000000, A.D. 2029-Sep-28 00:00:00.0000, -2.850028780804879E+08,  1.626335956230973E+08,  3.347095188195651E+07
2462408.500000000, A.D. 2029-Sep-29 00:00:00.0000, -2.850202407175924E+08,  1.610053082597589E+08,  3.344817787559132E+07
2462409.500000000, A.D. 2029-Sep-30 00:00:00.0000, -2.850296835453221E+08,  1.593725468938271E+08,  3.342447485161407E+07
2462410.500000000, A.D. 2029-Oct-01 00:00:00.0000, -2.850311489760005E+08,  1.577353248454988E+08,  3.339983674851406E+07
2462411.500000000, A.D. 2029-Oct-02 00:00:00.0000, -2.850245788713776E+08,  1.560936557905978E+08,  3.337425745028274E+07
2462412.500000000, A.D. 2029-Oct-03 00:00:00.0000, -2.850099145361449E+08,  1.544475537690929E+08,  3.334773078583732E+07
2462413.500000000, A.D. 2029-Oct-04 00:00:00.0000, -2.849870967113819E+08,  1.527970331938236E+08,  3.332025052843992E+07
2462414.500000000, A.D. 2029-Oct-05 00:00:00.0000, -2.849560655679350E+08,  1.511421088594382E+08,  3.329181039511276E+07
2462415.500000000, A.D. 2029-Oct-06 00:00:00.0000, -2.849167606997272E+08,  1.494827959515505E+08,  3.326240404604901E+07
2462416.500000000, A.D. 2029-Oct-07 00:00:00.0000, -2.848691211170009E+08,  1.478191100561201E+08,  3.323202508401980E+07
2462417.500000000, A.D. 2029-Oct-08 00:00:00.0000, -2.848130852394904E+08,  1.461510671690633E+08,  3.320066705377707E+07
2462418.500000000, A.D. 2029-Oct-09 00:00:00.0000, -2.847485908895325E+08,  1.444786837060995E+08,  3.316832344145321E+07
2462419.500000000, A.D. 2029-Oct-10 00:00:00.0000, -2.846755752851034E+08,  1.428019765128395E+08,  3.313498767395642E+07
2462420.500000000, A.D. 2029-Oct-11 00:00:00.0000, -2.845939750327927E+08,  1.411209628751231E+08,  3.310065311836298E+07
2462421.500000000, A.D. 2029-Oct-12 00:00:00.0000, -2.845037261207099E+08,  1.394356605296112E+08,  3.306531308130608E+07
2462422.500000000, A.D. 2029-Oct-13 00:00:00.0000, -2.844047639113258E+08,  1.377460876746396E+08,  3.302896080836136E+07
2462423.500000000, A.D. 2029-Oct-14 00:00:00.0000, -2.842970231342483E+08,  1.360522629813418E+08,  3.299158948342964E+07
2462424.500000000, A.D. 2029-Oct-15 00:00:00.0000, -2.841804378789343E+08,  1.343542056050474E+08,  3.295319222811671E+07
2462425.500000000, A.D. 2029-Oct-16 00:00:00.0000, -2.840549415873377E+08,  1.326519351969631E+08,  3.291376210111053E+07
2462426.500000000, A.D. 2029-Oct-17 00:00:00.0000, -2.839204670464956E+08,  1.309454719161446E+08,  3.287329209755614E+07
2462427.500000000, A.D. 2029-Oct-18 00:00:00.0000, -2.837769463810527E+08,  1.292348364417662E+08,  3.283177514842817E+07
2462428.500000000, A.D. 2029-Oct-19 00:00:00.0000, -2.836243110457262E+08,  1.275200499856966E+08,  3.278920411990172E+07
2462429.500000000, A.D. 2029-Oct-20 00:00:00.0000, -2.834624918177108E+08,  1.258011343053886E+08,  3.274557181272149E+07
2462430.500000000, A.D. 2029-Oct-21 00:00:00.0000, -2.832914187890282E+08,  1.240781117170914E+08,  3.270087096156950E+07
2462431.500000000, A.D. 2029-Oct-22 00:00:00.0000, -2.831110213588192E+08,  1.223510051093934E+08,  3.265509423443185E+07
2462432.500000000, A.D. 2029-Oct-23 00:00:00.0000, -2.829212282255835E+08,  1.206198379571051E+08,  3.260823423196463E+07
2462433.500000000, A.D. 2029-Oct-24 00:00:00.0000, -2.827219673793661E+08,  1.188846343354911E+08,  3.256028348685978E+07
2462434.500000000, A.D. 2029-Oct-25 00:00:00.0000, -2.825131660938956E+08,  1.171454189348593E+08,  3.251123446321048E+07
2462435.500000000, A.D. 2029-Oct-26 00:00:00.0000, -2.822947509186732E+08,  1.154022170755182E+08,  3.246107955587723E+07
2462436.500000000, A.D. 2029-Oct-27 00:00:00.0000, -2.820666476710176E+08,  1.136550547231121E+08,  3.240981108985464E+07
2462437.500000000, A.D. 2029-Oct-28 00:00:00.0000, -2.818287814280668E+08,  1.119039585043425E+08,  3.235742131963954E+07
2462438.500000000, A.D. 2029-Oct-29 00:00:00.0000, -2.815810765187408E+08,  1.101489557230889E+08,  3.230390242860052E+07
2462439.500000000, A.D. 2029-Oct-30 00:00:00.0000, -2.813234565156663E+08,  1.083900743769362E+08,  3.224924652834989E+07
2462440.500000000, A.D. 2029-Oct-31 00:00:00.0000, -2.810558442270696E+08,  1.066273431741228E+08,  3.219344565811826E+07
2462441.500000000, A.D. 2029-Nov-01 00:00:00.0000, -2.807781616886375E+08,  1.048607915509185E+08,  3.213649178413237E+07
2462442.500000000, A.D. 2029-Nov-02 00:00:00.0000, -2.804903301553536E+08,  1.030904496894441E+08,  3.207837679899661E+07
2462443.500000000, A.D. 2029-Nov-03 00:00:00.0000, -2.801922700933108E+08,  1.013163485359452E+08,  3.201909252107925E+07
2462444.500000000, A.D. 2029-Nov-04 00:00:00.0000, -2.798839011715067E+08,  9.953851981953087E+07,  3.195863069390335E+07
2462445.500000000, A.D. 2029-Nov-05 00:00:00.0000, -2.795651422536244E+08,  9.775699607139149E+07,  3.189698298554380E+07
2462446.500000000, A.D. 2029-Nov-06 00:00:00.0000, -2.792359113898053E+08,  9.597181064450622E+07,  3.183414098803047E+07
2462447.500000000, A.D. 2029-Nov-07 00:00:00.0000, -2.788961258084177E+08,  9.418299773385501E+07,  3.177009621675897E+07
2462448.500000000, A.D. 2029-Nov-08 00:00:00.0000, -2.785457019078277E+08,  9.239059239714745E+07,  3.170484010990896E+07
2462449.500000000, A.D. 2029-Nov-09 00:00:00.0000, -2.781845552481771E+08,  9.059463057608271E+07,  3.163836402787180E+07
2462450.500000000, A.D. 2029-Nov-10 00:00:00.0000, -2.778126005431753E+08,  8.879514911815412E+07,  3.157065925268764E+07
2462451.500000000, A.D. 2029-Nov-11 00:00:00.0000, -2.774297516519126E+08,  8.699218579901327E+07,  3.150171698749320E+07
2462452.500000000, A.D. 2029-Nov-12 00:00:00.0000, -2.770359215706993E+08,  8.518577934540813E+07,  3.143152835598145E+07
2462453.500000000, A.D. 2029-Nov-13 00:00:00.0000, -2.766310224249409E+08,  8.337596945871037E+07,  3.136008440187366E+07
2462454.500000000, A.D. 2029-Nov-14 00:00:00.0000, -2.762149654610557E+08,  8.156279683904752E+07,  3.128737608840558E+07
2462455.500000000, A.D. 2029-Nov-15 00:00:00.0000, -2.757876610384439E+08,  7.974630321005566E+07,  3.121339429782834E+07
2462456.500000000, A.D. 2029-Nov-16 00:00:00.0000, -2.753490186215155E+08,  7.792653134426913E+07,  3.113812983092561E+07
2462457.500000000, A.D. 2029-Nov-17 00:00:00.0000, -2.748989467717894E+08,  7.610352508916369E+07,  3.106157340654815E+07
2462458.500000000, A.D. 2029-Nov-18 00:00:00.0000, -2.744373531400701E+08,  7.427732939387044E+07,  3.098371566116719E+07
2462459.500000000, A.D. 2029-Nov-19 00:00:00.0000, -2.739641444587159E+08,  7.244799033657795E+07,  3.090454714844790E+07
2462460.500000000, A.D. 2029-Nov-20 00:00:00.0000, -2.734792265340065E+08,  7.061555515264013E+07,  3.082405833884460E+07
2462461.500000000, A.D. 2029-Nov-21 00:00:00.0000, -2.729825042386249E+08,  6.878007226340881E+07,  3.074223961921925E+07
2462462.500000000, A.D. 2029-Nov-22 00:00:00.0000, -2.724738815042636E+08,  6.694159130580890E+07,  3.065908129248455E+07
2462463.500000000, A.D. 2029-Nov-23 00:00:00.0000, -2.719532613143692E+08,  6.510016316267611E+07,  3.057457357727400E+07
2462464.500000000, A.D. 2029-Nov-24 00:00:00.0000, -2.714205456970402E+08,  6.325583999387605E+07,  3.048870660763994E+07
2462465.500000000, A.D. 2029-Nov-25 00:00:00.0000, -2.708756357180907E+08,  6.140867526822524E+07,  3.040147043278227E+07
2462466.500000000, A.D. 2029-Nov-26 00:00:00.0000, -2.703184314742976E+08,  5.955872379623401E+07,  3.031285501680905E+07
2462467.500000000, A.D. 2029-Nov-27 00:00:00.0000, -2.697488320868455E+08,  5.770604176369257E+07,  3.022285023853186E+07
2462468.500000000, A.D. 2029-Nov-28 00:00:00.0000, -2.691667356949891E+08,  5.585068676612096E+07,  3.013144589129745E+07
2462469.500000000, A.D. 2029-Nov-29 00:00:00.0000, -2.685720394499488E+08,  5.399271784410502E+07,  3.003863168285841E+07
2462470.500000000, A.D. 2029-Nov-30 00:00:00.0000, -2.679646395090603E+08,  5.213219551954038E+07,  2.994439723528509E+07
2462471.500000000, A.D. 2029-Dec-01 00:00:00.0000, -2.673444310301974E+08,  5.026918183280680E+07,  2.984873208492136E+07
2462472.500000000, A.D. 2029-Dec-02 00:00:00.0000, -2.667113081664912E+08,  4.840374038089606E+07,  2.975162568238692E+07
2462473.500000000, A.D. 2029-Dec-03 00:00:00.0000, -2.660651640613647E+08,  4.653593635651657E+07,  2.965306739262885E+07
2462474.500000000, A.D. 2029-Dec-04 00:00:00.0000, -2.654058908439104E+08,  4.466583658819860E+07,  2.955304649502538E+07
2462475.500000000, A.D. 2029-Dec-05 00:00:00.0000, -2.647333796246325E+08,  4.279350958142416E+07,  2.945155218354510E+07
2462476.500000000, A.D. 2029-Dec-06 00:00:00.0000, -2.640475204915830E+08,  4.091902556080617E+07,  2.934857356696446E+07
2462477.500000000, A.D. 2029-Dec-07 00:00:00.0000, -2.633482025069152E+08,  3.904245651334178E+07,  2.924409966914742E+07
2462478.500000000, A.D. 2029-Dec-08 00:00:00.0000, -2.626353137038885E+08,  3.716387623276507E+07,  2.913811942939030E+07
2462479.500000000, A.D. 2029-Dec-09 00:00:00.0000, -2.619087410843510E+08,  3.528336036502483E+07,  2.903062170283598E+07
2462480.500000000, A.D. 2029-Dec-10 00:00:00.0000, -2.611683706167336E+08,  3.340098645491321E+07,  2.892159526096097E+07
2462481.500000000, A.D. 2029-Dec-11 00:00:00.0000, -2.604140872345902E+08,  3.151683399387160E+07,  2.881102879213965E+07
2462482.500000000, A.D. 2029-Dec-12 00:00:00.0000, -2.596457748357172E+08,  2.963098446900016E+07,  2.869891090228986E+07
2462483.500000000, A.D. 2029-Dec-13 00:00:00.0000, -2.588633162818921E+08,  2.774352141329771E+07,  2.858523011560418E+07
2462484.500000000, A.D. 2029-Dec-14 00:00:00.0000, -2.580665933992680E+08,  2.585453045715901E+07,  2.846997487537183E+07
2462485.500000000, A.D. 2029-Dec-15 00:00:00.0000, -2.572554869794672E+08,  2.396409938115647E+07,  2.835313354489585E+07
2462486.500000000, A.D. 2029-Dec-16 00:00:00.0000, -2.564298767814151E+08,  2.207231817013360E+07,  2.823469440851068E+07
2462487.500000000, A.D. 2029-Dec-17 00:00:00.0000, -2.555896415339616E+08,  2.017927906863762E+07,  2.811464567270558E+07
2462488.500000000, A.D. 2029-Dec-18 00:00:00.0000, -2.547346589393357E+08,  1.828507663771845E+07,  2.799297546735944E+07
2462489.500000000, A.D. 2029-Dec-19 00:00:00.0000, -2.538648056774848E+08,  1.638980781312167E+07,  2.786967184709278E+07
2462490.500000000, A.D. 2029-Dec-20 00:00:00.0000, -2.529799574113501E+08,  1.449357196490264E+07,  2.774472279274307E+07
2462491.500000000, A.D. 2029-Dec-21 00:00:00.0000, -2.520799887931329E+08,  1.259647095848913E+07,  2.761811621296973E+07
2462492.500000000, A.D. 2029-Dec-22 00:00:00.0000, -2.511647734716098E+08,  1.069860921721913E+07,  2.748983994599550E+07
2462493.500000000, A.D. 2029-Dec-23 00:00:00.0000, -2.502341841005575E+08,  8.800093786381073E+06,  2.735988176149118E+07
2462494.500000000, A.D. 2029-Dec-24 00:00:00.0000, -2.492880923483482E+08,  6.901034398782223E+06,  2.722822936261085E+07
2462495.500000000, A.D. 2029-Dec-25 00:00:00.0000, -2.483263689087854E+08,  5.001543541871600E+06,  2.709487038818532E+07
2462496.500000000, A.D. 2029-Dec-26 00:00:00.0000, -2.473488835132456E+08,  3.101736526442548E+06,  2.695979241508169E+07
2462497.500000000, A.D. 2029-Dec-27 00:00:00.0000, -2.463555049442014E+08,  1.201731556939613E+06,  2.682298296073724E+07
2462498.500000000, A.D. 2029-Dec-28 00:00:00.0000, -2.453461010501998E+08, -6.983501966062691E+05,  2.668442948587627E+07
2462499.500000000, A.D. 2029-Dec-29 00:00:00.0000, -2.443205387623776E+08, -2.598384524991436E+06,  2.654411939741893E+07
2462500.500000000, A.D. 2029-Dec-30 00:00:00.0000, -2.432786841125934E+08, -4.498244104579842E+06,  2.640204005159133E+07
2462501.500000000, A.D. 2029-Dec-31 00:00:00.0000, -2.422204022532670E+08, -6.397798420349646E+06,  2.625817875724682E+07
2462502.500000000, A.D. 2030-Jan-01 00:00:00.0000, -2.411455574790148E+08, -8.296913687226392E+06,  2.611252277940843E+07
